person 0.18519771099090576 225 237 228 251
person 0.2283746302127838 135 241 141 266
person 0.23806509375572205 127 236 134 270
person 0.2525242865085602 165 239 170 256
person 0.29565703868865967 1 221 16 318
person 0.41653043031692505 198 236 201 249
person 0.4270288348197937 191 237 195 251
person 0.4542151391506195 312 179 341 215
person 0.5244012475013733 437 225 455 287
person 0.6558012366294861 215 238 220 253
person 0.7789210081100464 507 209 543 302
person 0.9796904921531677 541 216 578 326
person 0.9815396070480347 50 223 82 327
