person 0.17480558156967163 583 39 612 81
person 0.17647820711135864 562 43 585 80
person 0.20507122576236725 65 80 119 110
person 0.21679845452308655 551 80 584 110
person 0.22266000509262085 12 46 44 93
person 0.23798349499702454 159 83 215 111
person 0.29398179054260254 23 40 610 167
person 0.3076784610748291 21 80 70 110
person 0.30971813201904297 134 75 166 112
person 0.3278747797012329 104 68 134 106
person 0.45032358169555664 324 77 355 111
person 0.48266497254371643 597 75 638 112
person 0.48861581087112427 288 75 337 109
person 0.6831855773925781 0 0 640 117
person 0.8463211059570312 235 130 341 289
person 0.950108528137207 356 60 438 252
person 0.9978657960891724 353 31 588 426
