person 0.17599162459373474 23 355 30 368
person 0.19477134943008423 147 334 152 344
person 0.19619914889335632 201 406 214 425
person 0.4391653537750244 440 320 468 385
person 0.5110726952552795 54 343 61 362
person 0.5113627314567566 163 335 168 344
person 0.716065526008606 175 346 186 372
person 0.7325001358985901 146 352 158 381
person 0.8125079274177551 193 349 207 380
person 0.8620073795318604 111 347 120 366
person 0.8663262128829956 95 354 106 378
person 0.9123258590698242 2 351 13 378
person 0.9364587068557739 608 295 639 406
person 0.9765669107437134 457 312 534 422
person 0.9915953874588013 380 329 442 425
