person 0.17494988441467285 553 174 565 193
person 0.1761811375617981 230 171 249 220
person 0.1764170527458191 527 167 539 197
person 0.247600257396698 218 171 233 221
person 0.24812158942222595 514 172 534 210
person 0.2561374306678772 487 159 505 201
person 0.26702383160591125 490 156 501 180
person 0.27495017647743225 142 175 160 212
person 0.29107028245925903 454 178 465 209
person 0.2974487543106079 193 171 209 220
person 0.32816213369369507 504 156 515 184
person 0.33910202980041504 206 171 226 220
person 0.3765066862106323 540 178 550 205
person 0.4009624421596527 445 179 456 212
person 0.424755334854126 503 159 520 202
person 0.4831443428993225 521 164 542 203
person 0.5692726373672485 632 149 639 168
person 0.6322208046913147 245 174 267 222
person 0.8885784149169922 601 146 620 168
person 0.925749659538269 223 79 439 237
