person 0.2441331148147583 390 177 430 239
person 0.3006803095340729 267 182 292 242
person 0.3335031569004059 213 168 249 288
person 0.33728140592575073 623 180 639 262
person 0.4539078176021576 170 181 194 243
person 0.5465718507766724 45 175 63 209
person 0.5526654124259949 532 190 557 246
person 0.5587629675865173 143 178 167 240
person 0.5946745872497559 197 168 230 289
person 0.6387468576431274 443 179 480 290
person 0.6469802856445312 490 188 513 249
person 0.6541046500205994 83 171 105 213
person 0.6794751882553101 325 187 369 316
person 0.6923900842666626 568 186 596 248
person 0.7587636709213257 126 177 152 244
person 0.8447271585464478 103 175 130 243
person 0.8471344709396362 0 171 20 224
person 0.860772967338562 234 172 275 291
person 0.9101750254631042 280 227 329 321
person 0.9626545906066895 358 200 449 413
