person 0.31535273790359497 24 541 27 553
person 0.3402964472770691 417 566 420 576
person 0.36940139532089233 5 535 9 551
person 0.3788003921508789 33 545 37 554
person 0.38666749000549316 145 554 148 566
person 0.38686227798461914 0 537 428 601
person 0.39425331354141235 367 563 383 598
person 0.4433591961860657 168 557 172 571
person 0.4905974566936493 159 561 164 581
person 0.49570009112358093 118 554 123 566
person 0.531660795211792 190 556 195 572
person 0.6048344373703003 158 555 162 570
person 0.6876029372215271 44 545 48 556
person 0.7019732594490051 351 562 359 581
person 0.7199623584747314 167 562 171 578
person 0.7333697080612183 313 564 317 580
person 0.7374836206436157 153 572 160 599
person 0.84678053855896 96 560 116 605
person 0.9049919247627258 67 550 85 597
person 0.9351416826248169 275 571 282 593
