person 0.15034371614456177 300 363 321 419
person 0.1614169478416443 537 363 555 429
person 0.17965662479400635 553 361 568 427
person 0.18364053964614868 480 361 500 404
person 0.19688913226127625 212 354 607 422
person 0.2298181653022766 401 369 418 418
person 0.282235324382782 417 364 436 422
person 0.521266520023346 622 369 639 446
person 0.5228094458580017 576 364 596 422
person 0.5320501327514648 525 369 551 435
person 0.5323783159255981 596 363 625 444
person 0.6319496035575867 558 364 578 443
person 0.8618842363357544 376 363 402 416
person 0.9130271673202515 289 362 315 425
person 0.9554744958877563 240 358 275 454
