person 0.1634010374546051 414 113 438 145
person 0.2028307020664215 63 93 78 134
person 0.2029758095741272 410 229 490 330
person 0.2780078947544098 112 99 141 166
person 0.3236912488937378 421 285 486 326
person 0.346976637840271 45 47 459 200
person 0.36998552083969116 13 141 36 164
person 0.38415658473968506 130 140 168 176
person 0.5039584636688232 110 91 148 129
person 0.5595537424087524 43 89 68 143
person 0.5973431468009949 191 96 218 149
person 0.6382396221160889 0 88 16 136
person 0.6488214135169983 161 135 251 252
person 0.7796295285224915 446 119 500 244
person 0.8198421001434326 82 104 118 178
person 0.9274183511734009 152 97 186 168
person 0.9419517517089844 286 65 342 182
