person 0.22831356525421143 32 0 600 568
person 0.23045650124549866 267 248 300 299
person 0.23908448219299316 242 268 277 341
person 0.2510208487510681 19 311 56 370
person 0.28311586380004883 70 101 107 176
person 0.2955227494239807 5 275 49 338
person 0.3296079933643341 1 186 32 248
person 0.34339070320129395 115 186 160 239
person 0.35675761103630066 246 323 308 380
person 0.41574376821517944 23 104 52 136
person 0.4235585629940033 212 148 250 224
person 0.45395782589912415 239 218 277 287
person 0.5486616492271423 299 246 342 307
person 0.5496253967285156 119 218 158 285
person 0.5978328585624695 60 313 108 372
person 0.634357213973999 85 255 133 312
person 0.6415103673934937 35 250 86 311
person 0.6727925539016724 156 153 192 225
person 0.7283734083175659 198 158 519 562
person 0.8178989887237549 37 185 82 248
