person 0.1613939106464386 549 167 569 189
person 0.19597429037094116 576 177 592 194
person 0.228287011384964 518 141 580 186
person 0.23228192329406738 487 201 529 270
person 0.2325950264930725 46 205 63 250
person 0.3577682673931122 79 202 104 256
person 0.38238784670829773 266 188 291 218
person 0.40293607115745544 24 205 40 254
person 0.41155189275741577 10 207 25 262
person 0.44488590955734253 69 201 88 256
person 0.46200549602508545 201 196 231 269
person 0.5777583122253418 59 203 78 255
person 0.7229976058006287 31 205 51 255
person 0.7742273211479187 110 197 131 251
