person 0.15142449736595154 485 272 494 288
person 0.16303515434265137 603 275 614 288
person 0.17504391074180603 336 273 341 285
person 0.18825757503509521 490 274 498 289
person 0.1980372667312622 383 273 387 283
person 0.22298532724380493 580 272 587 287
person 0.24132400751113892 376 274 380 284
person 0.4845801293849945 522 276 528 292
person 0.5116952657699585 545 271 557 293
person 0.6324417591094971 550 272 562 293
person 0.6535689830780029 593 273 601 288
person 0.7252980470657349 382 243 511 473
person 0.7307462692260742 271 271 280 303
person 0.7654608488082886 240 280 248 303
