person 0.15419793128967285 175 113 180 130
person 0.20185235142707825 252 109 258 123
person 0.3280477523803711 453 100 480 166
person 0.33947494626045227 0 104 4 123
person 0.4525090456008911 250 111 257 132
person 0.5550746917724609 242 109 249 136
person 0.6627184748649597 222 110 229 133
person 0.8462805151939392 231 109 243 139
person 0.8849461078643799 206 108 222 143
person 0.9551701545715332 44 95 81 208
person 0.9689295291900635 324 113 390 312
person 0.9822866916656494 115 104 146 195
