person 0.15562844276428223 467 97 480 119
person 0.162493497133255 470 154 481 183
person 0.18864616751670837 416 155 430 187
person 0.21106281876564026 67 209 92 248
person 0.21941787004470825 182 148 194 175
person 0.24248945713043213 490 153 501 183
person 0.24950048327445984 163 60 169 75
person 0.3099822402000427 162 54 170 72
person 0.3600693941116333 456 150 466 182
person 0.4704141914844513 477 154 492 184
person 0.5068606734275818 222 148 234 172
person 0.564573347568512 45 0 601 223
person 0.845308780670166 504 177 570 290
