person 0.17887571454048157 82 12 194 71
person 0.2450343668460846 115 3 187 53
person 0.2506815493106842 45 2 115 51
person 0.3336748480796814 252 211 408 339
person 0.38467228412628174 114 71 199 127
person 0.4345349967479706 480 177 591 315
person 0.44525614380836487 0 13 84 130
person 0.6115719676017761 88 13 148 127
person 0.633568525314331 0 141 84 331
person 0.7031266093254089 127 162 297 349
person 0.7458385825157166 448 282 558 349
person 0.8765562772750854 46 134 159 342
person 0.9071804285049438 218 26 302 157
person 0.9172121286392212 583 131 639 351
