person 0.15810903906822205 281 145 317 217
person 0.16302251815795898 44 129 96 492
person 0.16617530584335327 366 66 387 111
person 0.1821829080581665 58 46 86 89
person 0.25708088278770447 306 5 338 78
person 0.3295469582080841 0 0 22 65
person 0.34249147772789 200 27 228 60
person 0.4179033041000366 42 51 70 107
person 0.5407829880714417 290 121 317 162
person 0.650155246257782 76 186 165 480
person 0.7166098356246948 10 39 37 99
person 0.877668023109436 245 140 308 486
person 0.9066882133483887 353 132 421 491
person 0.9115107655525208 4 151 84 506
person 0.9575937986373901 152 116 281 600
person 0.984471321105957 303 145 373 476
