person 0.22974160313606262 273 48 302 93
person 0.2459496557712555 609 70 636 236
person 0.2704637050628662 268 47 301 153
person 0.33945611119270325 470 45 527 146
person 0.509100079536438 389 117 434 193
person 0.5112071633338928 308 47 342 146
person 0.5809741020202637 226 53 275 150
person 0.6501864790916443 505 104 565 213
person 0.6965404152870178 10 252 159 403
person 0.7177202701568604 415 118 533 287
person 0.8467845320701599 0 45 81 205
person 0.8813915252685547 388 89 558 413
person 0.9186130166053772 265 130 386 251
person 0.931338906288147 129 28 179 184
person 0.9555448293685913 181 52 228 161
person 0.9636974334716797 331 34 384 173
person 0.9818459749221802 223 213 508 420
