person 0.16188639402389526 322 299 335 325
person 0.1694226861000061 321 283 345 323
person 0.211369127035141 306 296 330 329
person 0.21549156308174133 311 299 325 323
person 0.23188656568527222 271 260 297 313
person 0.24347591400146484 242 271 270 309
person 0.29860901832580566 291 284 314 320
person 0.3226078152656555 400 306 425 341
person 0.6117424964904785 366 302 390 343
person 0.6322308778762817 337 280 369 327
person 0.8926414847373962 18 145 50 224
person 0.9208261966705322 199 24 410 292
person 0.9856997132301331 109 170 159 282
