person 0.1557822823524475 207 269 212 284
person 0.17977091670036316 135 250 139 271
person 0.2560672163963318 160 254 166 276
person 0.2897052764892578 225 276 230 296
person 0.29771125316619873 139 252 144 271
person 0.30721479654312134 321 299 329 324
person 0.31891825795173645 220 280 225 300
person 0.3663431704044342 294 289 301 318
person 0.4451570212841034 303 290 310 315
person 0.5704707503318787 333 297 340 326
person 0.5744731426239014 207 272 213 295
person 0.752647876739502 217 274 223 297
person 0.9057327508926392 0 237 35 408
person 0.9368990659713745 323 305 375 494
