person 0.19470304250717163 145 92 191 248
person 0.31225818395614624 75 154 198 388
person 0.32123246788978577 362 72 403 180
person 0.5525920987129211 364 28 407 119
person 0.5594046711921692 436 177 540 330
person 0.7091252207756042 390 133 453 251
person 0.7273210883140564 133 106 229 252
person 0.733038067817688 220 76 262 177
person 0.7520016431808472 308 65 350 128
person 0.7688871026039124 180 129 244 239
person 0.7939195036888123 240 35 284 104
person 0.8306061625480652 0 177 163 417
person 0.8317802548408508 443 100 550 288
person 0.8538249731063843 235 129 284 216
person 0.8946540355682373 367 65 457 195
person 0.9794228672981262 487 130 634 426
