person 0.2061127871274948 60 239 128 279
person 0.2269810438156128 256 222 267 248
person 0.2278956174850464 236 226 244 249
person 0.2313397228717804 186 230 195 260
person 0.23341619968414307 250 224 259 251
person 0.2432432472705841 558 207 583 261
person 0.2572803795337677 246 228 254 255
person 0.3277420997619629 80 237 107 277
person 0.34004470705986023 200 230 210 261
person 0.3412855565547943 625 217 639 272
person 0.37702396512031555 315 231 336 263
person 0.4682527780532837 206 229 217 259
person 0.6413093209266663 239 229 247 256
person 0.9494740962982178 333 172 424 344
person 0.9933098554611206 262 225 300 313
