person 0.1641879677772522 412 52 455 111
person 0.17146724462509155 116 162 160 224
person 0.17596808075904846 237 168 277 227
person 0.2150653898715973 484 46 524 112
person 0.25361233949661255 452 45 498 110
person 0.2563297748565674 388 171 432 234
person 0.2685183882713318 593 44 640 81
person 0.27255094051361084 300 81 351 113
person 0.4131022095680237 514 22 560 85
person 0.45437777042388916 124 172 195 226
person 0.48413240909576416 366 86 433 116
person 0.5042102336883545 460 174 503 233
person 0.5688259601593018 35 165 80 230
person 0.6986990571022034 332 80 389 115
person 0.8548539876937866 580 183 628 273
person 0.8921340703964233 57 21 581 234
person 0.9315074682235718 259 168 359 398
person 0.9796959161758423 364 222 482 416
person 0.9813345670700073 501 170 591 426
