person 0.27728670835494995 288 142 311 178
person 0.30117055773735046 4 46 29 82
person 0.31522512435913086 511 138 543 182
person 0.319480836391449 4 163 33 202
person 0.3194819688796997 346 110 374 160
person 0.3194834887981415 529 170 558 199
person 0.33175748586654663 417 128 449 163
person 0.4621654152870178 148 158 178 193
person 0.49186012148857117 151 32 179 71
person 0.4972517788410187 67 142 97 178
person 0.5392112731933594 468 173 495 200
person 0.5881671905517578 63 5 572 260
person 0.5948437452316284 557 173 586 202
person 0.595872700214386 46 65 73 101
person 0.6002832055091858 74 33 102 69
person 0.6798246502876282 115 161 145 192
person 0.6816887259483337 37 155 70 197
person 0.857910692691803 441 176 473 200
person 0.9379899501800537 211 172 287 314
person 0.9802860021591187 297 167 358 321
