person 0.21442168951034546 575 270 614 366
person 0.22088345885276794 187 266 193 281
person 0.23694360256195068 88 272 97 298
person 0.2628552317619324 623 249 639 294
person 0.26823556423187256 407 256 415 285
person 0.2998625934123993 109 271 117 300
person 0.3182094693183899 140 269 147 301
person 0.3570956587791443 504 319 550 439
person 0.3595712184906006 84 275 100 316
person 0.36538630723953247 9 274 28 322
person 0.3923051059246063 59 271 77 322
person 0.47604772448539734 605 260 631 305
person 0.48964476585388184 186 269 194 291
person 0.6462293267250061 151 266 160 308
person 0.7079088687896729 31 274 55 346
person 0.7214434146881104 0 250 602 324
person 0.7267509698867798 442 273 463 314
person 0.846172571182251 426 273 446 317
person 0.8909550309181213 120 275 140 332
person 0.9839027523994446 256 264 278 319
