person 0.1722581684589386 119 227 140 275
person 0.18907541036605835 162 121 170 133
person 0.19640901684761047 541 83 552 98
person 0.19702333211898804 578 88 589 116
person 0.20576471090316772 225 75 232 105
person 0.28031742572784424 267 72 278 99
person 0.3114803731441498 234 73 242 106
person 0.33171358704566956 585 90 605 130
person 0.3358389735221863 169 142 186 206
person 0.34164106845855713 262 70 272 105
person 0.34417396783828735 182 146 199 206
person 0.3516831398010254 43 252 75 345
person 0.4121914505958557 16 240 42 284
person 0.43689295649528503 566 88 577 111
person 0.49065524339675903 247 71 256 108
person 0.5535352826118469 205 137 227 191
person 0.5835095643997192 625 95 639 158
person 0.7429302930831909 190 149 210 207
person 0.8106932044029236 93 245 127 345
person 0.9299972057342529 20 264 64 400
