person 0.249275803565979 604 84 633 220
person 0.26291579008102417 43 124 169 321
person 0.2637282907962799 310 80 359 181
person 0.2659998834133148 341 97 376 200
person 0.27323096990585327 161 37 203 120
person 0.29935669898986816 1 91 175 428
person 0.3048701882362366 258 91 308 167
person 0.3188289999961853 435 80 482 178
person 0.34826210141181946 489 72 525 172
person 0.42327240109443665 187 33 230 122
person 0.4329078495502472 421 83 496 227
person 0.5144705176353455 529 74 564 179
person 0.5543511509895325 52 3 592 229
person 0.5673388838768005 363 105 452 294
person 0.5768934488296509 212 136 341 361
person 0.6518515944480896 100 93 211 224
person 0.6535440683364868 103 3 149 94
person 0.797212541103363 26 26 60 120
person 0.8656679391860962 2 93 39 219
person 0.9663176536560059 445 140 618 428
