person 0.1991540491580963 492 239 498 250
person 0.21730712056159973 289 250 295 268
person 0.22262775897979736 224 250 233 261
person 0.31192338466644287 314 249 320 266
person 0.3266686797142029 323 250 329 266
person 0.3379375636577606 290 249 298 282
person 0.35149282217025757 508 238 514 252
person 0.38493648171424866 556 244 565 262
person 0.44462868571281433 335 251 343 280
person 0.48617833852767944 345 248 352 268
person 0.5197766423225403 570 244 580 263
person 0.5422784686088562 354 250 362 279
person 0.5455286502838135 488 264 506 326
person 0.5652497410774231 466 288 487 325
person 0.6066643595695496 335 247 341 266
person 0.6241269707679749 322 254 330 279
person 0.6851240992546082 293 249 302 287
person 0.7509771585464478 497 269 518 336
person 0.8199511766433716 414 269 437 335
person 0.8615449666976929 347 250 354 280
