person 0.16927748918533325 384 67 419 157
person 0.17224815487861633 477 97 521 165
person 0.17470699548721313 472 90 508 136
person 0.1911604404449463 65 11 103 109
person 0.2523001432418823 215 156 313 293
person 0.2646941840648651 124 13 159 100
person 0.2669827342033386 287 18 329 93
person 0.28373199701309204 329 24 373 98
person 0.3511109948158264 37 6 613 178
person 0.4223178029060364 332 271 419 441
person 0.5269628763198853 409 91 446 160
person 0.5334743857383728 394 298 519 419
person 0.6085845828056335 353 64 396 155
person 0.6496648192405701 279 291 375 421
person 0.7210773825645447 79 26 129 136
person 0.7878180742263794 338 205 432 292
person 0.9422116279602051 430 126 540 247
person 0.9458862543106079 24 42 95 187
person 0.9768246412277222 35 311 103 456
person 0.98502516746521 536 207 607 360
