person 0.15368834137916565 282 279 293 306
person 0.15947315096855164 23 294 133 404
person 0.19929561018943787 557 308 587 351
person 0.22442352771759033 279 287 319 367
person 0.42283862829208374 266 275 286 317
person 0.4770822525024414 304 276 326 329
person 0.5230655670166016 269 292 310 397
person 0.5607073903083801 257 274 277 333
person 0.694900631904602 442 284 501 398
person 0.7344773411750793 494 275 555 385
person 0.8945146203041077 316 288 404 418
person 0.9523282051086426 0 270 88 421
