person 0.16159552335739136 64 139 169 218
person 0.18174800276756287 0 10 69 195
person 0.20520064234733582 427 105 538 245
person 0.2320038080215454 32 118 136 242
person 0.2446882128715515 252 36 363 175
person 0.24940654635429382 193 69 452 349
person 0.3797854781150818 110 3 204 97
person 0.4552522599697113 70 15 179 83
person 0.5031368732452393 248 152 372 257
person 0.6051978468894958 59 159 191 264
person 0.6470144987106323 498 311 606 406
person 0.9071524143218994 46 187 211 337
person 0.953991174697876 13 138 251 395
