person 0.15039703249931335 288 259 330 338
person 0.22543025016784668 349 275 374 314
person 0.31563615798950195 0 247 26 399
person 0.4793446958065033 168 267 208 347
person 0.6097657680511475 116 277 156 410
person 0.6911779642105103 367 264 407 378
person 0.863007664680481 286 257 330 435
person 0.8946452140808105 236 274 272 365
person 0.9044966101646423 419 255 458 384
person 0.9050841331481934 181 266 226 350
person 0.9661329984664917 0 256 66 407
person 0.968055248260498 591 276 636 407
person 0.9799075126647949 298 259 361 458
person 0.9916613101959229 66 219 139 428
