person 0.16156238317489624 105 157 130 204
person 0.16866809129714966 493 161 572 390
person 0.1865198314189911 135 156 148 179
person 0.23751863837242126 142 162 197 198
person 0.2904009521007538 114 157 140 201
person 0.3013553023338318 92 160 118 207
person 0.781557559967041 18 149 200 425
person 0.798894464969635 183 151 232 239
person 0.8226801156997681 0 139 119 406
person 0.9496845006942749 318 161 401 303
person 0.9527984857559204 180 117 332 425
person 0.9959567785263062 319 103 544 425
