person 0.1644468903541565 514 236 528 261
person 0.16591370105743408 523 235 546 301
person 0.1748797595500946 127 240 155 278
person 0.18785330653190613 218 264 251 336
person 0.19760489463806152 542 229 556 262
person 0.23373687267303467 553 234 568 259
person 0.2382584810256958 526 236 542 263
person 0.34749019145965576 333 199 571 465
person 0.6928080916404724 85 229 168 367
person 0.7237188816070557 260 228 370 418
person 0.7725808620452881 0 236 130 465
person 0.7807337045669556 465 225 509 328
person 0.7913737297058105 154 241 228 400
person 0.8404864072799683 362 227 515 412
person 0.8812726736068726 525 222 632 342
person 0.9217859506607056 359 153 457 291
