person 0.2396489381790161 18 246 626 412
person 0.24938231706619263 0 348 15 414
person 0.24970844388008118 83 283 93 312
person 0.2588850259780884 432 321 445 346
person 0.2734154462814331 462 353 480 391
person 0.28315335512161255 391 354 403 388
person 0.2855682969093323 315 331 334 383
person 0.3033202290534973 444 347 477 451
person 0.30643099546432495 378 334 395 384
person 0.3114505410194397 422 283 430 306
person 0.332887202501297 395 329 408 355
person 0.33715716004371643 303 329 321 383
person 0.3557976484298706 44 279 477 377
person 0.39249515533447266 284 336 294 371
person 0.40163856744766235 417 357 435 398
person 0.4494456946849823 78 281 89 317
person 0.45403051376342773 22 314 41 350
person 0.670636773109436 26 285 44 351
person 0.7971306443214417 56 280 70 333
person 0.9483197331428528 50 333 114 480
