person 0.19377249479293823 483 71 508 99
person 0.22183161973953247 254 99 268 119
person 0.2236139476299286 562 86 576 100
person 0.22398647665977478 391 73 399 100
person 0.25695568323135376 555 87 570 99
person 0.2584444284439087 336 80 346 102
person 0.30272364616394043 481 72 497 96
person 0.3869604468345642 502 73 515 97
person 0.4681701064109802 602 109 616 127
person 0.4683380424976349 489 75 504 95
person 0.6347474455833435 580 99 594 125
person 0.7291950583457947 310 350 419 463
person 0.8708078265190125 48 108 158 375
person 0.9523528814315796 125 62 225 334
person 0.971069872379303 246 74 331 340
