person 0.150002121925354 334 225 349 244
person 0.1590028703212738 259 228 273 256
person 0.16208109259605408 237 218 251 248
person 0.1694323718547821 312 226 332 260
person 0.1807415783405304 474 224 529 255
person 0.19023537635803223 330 225 352 261
person 0.4283476173877716 92 233 116 334
person 0.48693612217903137 217 225 247 333
person 0.5289509892463684 342 229 369 338
person 0.5596356391906738 264 235 291 330
person 0.7532471418380737 325 238 352 341
person 0.8631125688552856 290 231 324 338
person 0.867932915687561 132 234 166 344
person 0.9126808643341064 71 228 98 333
person 0.9389607906341553 185 234 221 333
person 0.9461818933486938 231 229 270 337
