person 0.2889745831489563 358 284 365 295
person 0.31591176986694336 148 283 154 301
person 0.3227381110191345 285 281 291 297
person 0.32974958419799805 384 283 390 295
person 0.3346107006072998 397 278 402 291
person 0.34176793694496155 272 280 279 298
person 0.391094833612442 346 283 353 296
person 0.4657531678676605 0 246 640 298
person 0.518438458442688 557 278 563 289
person 0.5284547805786133 140 287 146 302
person 0.5572540163993835 520 275 525 286
person 0.5660263895988464 162 282 169 301
person 0.5739251971244812 542 280 549 291
person 0.5919712781906128 530 278 536 291
person 0.5985095500946045 473 275 478 288
person 0.657804548740387 434 273 443 293
person 0.7833110094070435 483 275 490 290
person 0.7883337736129761 551 283 578 336
person 0.8618530035018921 221 303 276 343
person 0.8692320585250854 411 292 436 339
