person 0.15510544180870056 515 352 553 458
person 0.16866913437843323 77 84 82 92
person 0.1778266429901123 282 129 290 141
person 0.1836138665676117 377 83 382 96
person 0.18533086776733398 381 90 386 100
person 0.2389158010482788 526 328 564 449
person 0.3261897563934326 435 235 467 337
person 0.35997116565704346 462 343 510 434
person 0.39967623353004456 380 84 386 97
person 0.4941132366657257 594 125 607 166
person 0.5778546333312988 469 255 508 366
person 0.7949634790420532 572 283 612 446
