person 0.15908002853393555 188 222 201 246
person 0.16261175274848938 182 224 204 257
person 0.1842600405216217 342 209 351 228
person 0.19736984372138977 220 224 232 244
person 0.23433125019073486 210 228 223 255
person 0.27095741033554077 370 206 378 225
person 0.28127607703208923 337 209 347 231
person 0.2829609513282776 184 232 199 253
person 0.3032410144805908 191 223 211 257
person 0.42569833993911743 254 222 268 245
person 0.4624718427658081 194 222 207 246
person 0.4910052716732025 253 221 271 264
person 0.5753487944602966 295 220 309 260
person 0.6575255990028381 219 231 232 255
person 0.7321043014526367 271 220 286 260
person 0.8380820751190186 150 225 178 258
person 0.908859372138977 314 212 332 251
