person 0.162608802318573 393 222 468 279
person 0.16701340675354004 343 42 384 139
person 0.16728127002716064 199 177 281 321
person 0.2082424759864807 84 191 128 285
person 0.2423919141292572 137 240 178 332
person 0.24677224457263947 447 301 561 350
person 0.2701350152492523 406 214 450 306
person 0.304442822933197 143 109 189 213
person 0.3203890919685364 278 196 322 272
person 0.3490314483642578 12 147 49 222
person 0.44567450881004333 86 4 566 327
person 0.5103094577789307 526 5 573 88
person 0.7390224933624268 216 216 265 312
person 0.7438901662826538 2 209 40 310
person 0.804939866065979 488 29 532 146
