person 0.246749609708786 147 150 152 159
person 0.30669787526130676 625 179 638 208
person 0.3343086838722229 363 152 380 192
person 0.3467528820037842 616 181 638 269
person 0.35127928853034973 99 141 104 153
person 0.37646788358688354 526 128 542 166
person 0.4398127496242523 530 143 539 168
person 0.4906924366950989 89 141 94 153
person 0.5300847291946411 231 169 244 196
person 0.5499378442764282 492 150 501 175
person 0.5768959522247314 552 130 560 157
person 0.6666738390922546 432 154 451 189
person 0.6765686273574829 505 153 521 193
person 0.7768608927726746 167 155 176 178
person 0.7870914936065674 373 188 407 244
person 0.8190487623214722 461 142 483 197
person 0.8338887691497803 249 167 346 278
person 0.852061927318573 197 161 223 215
person 0.8548674583435059 544 167 580 254
person 0.910028338432312 263 188 322 266
