person 0.16288155317306519 3 263 28 300
person 0.16629549860954285 57 266 575 390
person 0.2360689640045166 42 270 68 316
person 0.2620886266231537 345 270 371 389
person 0.28479909896850586 225 262 255 398
person 0.369087815284729 305 274 323 338
person 0.5092755556106567 502 275 543 379
person 0.6344385147094727 235 259 273 434
person 0.6565995812416077 451 274 489 391
person 0.6962313055992126 550 267 639 477
person 0.9296945333480835 246 271 306 437
person 0.9352816343307495 101 270 150 438
person 0.9496386647224426 0 270 63 428
person 0.9661203026771545 364 276 429 471
person 0.9933220148086548 174 267 231 480
