person 0.18359079957008362 314 238 355 304
person 0.18876591324806213 135 262 176 376
person 0.19543230533599854 110 255 138 282
person 0.20434480905532837 165 239 194 271
person 0.22540724277496338 312 231 366 258
person 0.25265824794769287 156 260 201 372
person 0.28039634227752686 431 240 477 334
person 0.3152658939361572 239 238 265 288
person 0.36623209714889526 170 271 217 365
person 0.4165981411933899 133 256 221 392
person 0.5858228802680969 266 239 313 303
person 0.7037041187286377 207 253 252 327
person 0.9290934205055237 62 256 239 580
person 0.9656850695610046 310 252 409 387
person 0.9765090346336365 343 254 510 564
