person 0.18624094128608704 343 127 365 156
person 0.19109955430030823 404 100 417 145
person 0.1951536238193512 471 104 480 119
person 0.23364636301994324 32 107 50 157
person 0.2420504093170166 5 106 26 168
person 0.3091317415237427 109 118 132 158
person 0.3640884757041931 41 107 62 166
person 0.37166911363601685 187 103 204 156
person 0.5094848871231079 325 106 342 157
person 0.5354602932929993 180 100 198 160
person 0.5382083654403687 48 106 72 165
person 0.627780556678772 13 104 34 167
person 0.6409769654273987 157 108 174 155
person 0.7977163791656494 299 101 323 155
person 0.8336182832717896 369 107 394 150
person 0.9948508739471436 327 83 488 329
