person 0.1627843677997589 216 215 232 303
person 0.26342445611953735 416 220 430 249
person 0.2683720588684082 390 206 415 254
person 0.34917712211608887 267 209 288 284
person 0.4311034381389618 8 33 155 450
person 0.5670422911643982 397 199 425 249
person 0.6201992034912109 485 228 511 267
person 0.6850013136863708 438 198 465 266
person 0.7117651104927063 311 206 340 258
person 0.7754808664321899 246 213 277 300
person 0.8353811502456665 553 199 587 316
person 0.8576513528823853 198 218 228 302
person 0.895799994468689 377 205 397 258
person 0.9734085202217102 577 208 621 334
