person 0.18029671907424927 285 179 322 259
person 0.20474882423877716 229 178 289 225
person 0.2154778242111206 394 175 463 286
person 0.28521373867988586 334 188 424 279
person 0.31811338663101196 207 172 302 303
person 0.40284475684165955 25 169 64 267
person 0.4347010850906372 437 192 500 246
person 0.4800485074520111 45 87 223 305
person 0.5129067897796631 409 175 449 251
person 0.520959198474884 441 148 475 202
person 0.5326009392738342 280 175 341 291
person 0.5429432392120361 431 181 500 291
person 0.6027762293815613 57 127 186 245
person 0.7092766761779785 322 158 454 349
