person 0.16951414942741394 474 26 501 91
person 0.18218040466308594 194 178 208 208
person 0.2091841697692871 90 152 119 190
person 0.22503265738487244 596 147 624 199
person 0.2377101182937622 529 181 559 207
person 0.26370128989219666 168 176 194 207
person 0.28744131326675415 314 178 340 207
person 0.3130073547363281 383 111 414 153
person 0.33805033564567566 264 177 291 207
person 0.36584678292274475 364 204 407 260
person 0.7439059019088745 396 174 452 259
person 0.8053045272827148 65 32 569 214
person 0.8581734299659729 328 197 391 271
person 0.9622097015380859 232 251 322 367
