person 0.17818975448608398 339 186 418 356
person 0.23534700274467468 570 197 576 211
person 0.24231866002082825 579 202 585 214
person 0.2676333785057068 259 198 265 206
person 0.2776469886302948 254 199 259 207
person 0.4905187785625458 572 199 578 215
person 0.5224751830101013 594 203 603 214
person 0.6815803050994873 633 204 637 214
person 0.7546334266662598 4 228 27 267
person 0.8771560192108154 460 122 542 274
person 0.9124213457107544 554 193 563 221
person 0.9500614404678345 388 128 454 294
