person 0.15879395604133606 432 241 438 255
person 0.16024991869926453 299 255 309 275
person 0.1607491672039032 111 242 122 267
person 0.19517934322357178 432 247 438 257
person 0.21284082531929016 424 247 430 257
person 0.2842857241630554 316 257 334 273
person 0.2889016568660736 389 250 395 260
person 0.3808858394622803 344 258 353 272
person 0.4123194217681885 393 249 401 259
person 0.4194169342517853 0 223 15 292
person 0.44769933819770813 305 255 319 275
person 0.9751351475715637 462 176 527 306
person 0.9852725267410278 122 219 180 334
