person 0.16566717624664307 427 163 475 255
person 0.1751445084810257 3 103 621 218
person 0.19382771849632263 252 130 284 172
person 0.24831858277320862 308 134 361 183
person 0.2503526210784912 1 125 29 328
person 0.26836922764778137 243 140 285 226
person 0.27212345600128174 425 156 479 191
person 0.3141620457172394 239 98 268 147
person 0.3779987692832947 223 120 258 172
person 0.38643768429756165 471 153 534 193
person 0.4047752618789673 0 82 19 166
person 0.6359151005744934 168 95 206 167
person 0.6467748880386353 23 95 64 166
person 0.6848791241645813 383 98 431 165
person 0.7096746563911438 383 119 430 198
person 0.7106772661209106 279 106 323 167
person 0.9332323670387268 324 93 376 168
person 0.9423575401306152 512 118 563 191
person 0.9533382058143616 81 81 171 242
person 0.9816824197769165 436 98 490 181
