person 0.1633853316307068 329 346 355 378
person 0.16501429677009583 148 346 162 367
person 0.1684620976448059 138 340 164 373
person 0.2009735107421875 213 388 240 419
person 0.2159901261329651 201 381 226 418
person 0.21722424030303955 405 349 422 368
person 0.24886596202850342 133 339 148 364
person 0.275748074054718 180 369 195 391
person 0.30673032999038696 186 341 213 368
person 0.3100939989089966 107 335 120 354
person 0.3413766622543335 415 347 430 368
person 0.34472355246543884 303 346 326 371
person 0.41692572832107544 325 131 375 192
person 0.43195974826812744 192 376 218 408
person 0.4779193699359894 147 354 162 379
person 0.5095032453536987 342 350 359 376
person 0.5195252299308777 286 345 313 372
person 0.5584676265716553 381 346 401 369
