person 0.15254336595535278 102 227 112 257
person 0.15278008580207825 524 226 545 292
person 0.1597578525543213 624 219 638 301
person 0.17362654209136963 148 231 157 258
person 0.18070745468139648 571 239 594 279
person 0.18114712834358215 477 222 497 298
person 0.1963304579257965 559 234 589 305
person 0.21214944124221802 549 229 571 286
person 0.2616788148880005 614 224 636 322
person 0.3344815671443939 460 227 488 317
person 0.34656819701194763 434 225 464 330
person 0.44563865661621094 492 223 518 327
person 0.48890420794487 423 224 453 338
person 0.7598953247070312 508 231 534 321
person 0.8442264199256897 188 231 223 280
