person 0.15227967500686646 534 220 558 319
person 0.31522712111473083 519 208 547 302
person 0.33414560556411743 500 289 544 410
person 0.371730238199234 491 320 531 420
person 0.5085282325744629 562 209 584 252
person 0.5375466346740723 612 185 625 228
person 0.5583752393722534 495 230 523 323
person 0.6295818090438843 589 198 603 242
person 0.6868799924850464 472 383 507 422
person 0.6875231266021729 312 238 339 320
person 0.8168656826019287 599 201 614 243
person 0.8517990112304688 580 198 594 241
person 0.9766750931739807 271 292 329 415
