person 0.16460806131362915 283 4 350 161
person 0.2697701156139374 13 2 58 76
person 0.45300042629241943 0 0 427 222
person 0.5043971538543701 97 50 146 127
person 0.5256803631782532 105 6 151 75
person 0.5444652438163757 243 1 293 74
person 0.6045411825180054 57 49 105 122
person 0.6612804532051086 287 0 343 86
person 0.6917849183082581 39 87 98 197
person 0.6997173428535461 4 47 49 127
person 0.7090902328491211 194 0 247 87
person 0.7134743332862854 210 209 278 362
person 0.7954631447792053 244 50 300 172
person 0.797175407409668 94 106 143 201
person 0.890721321105957 344 94 417 207
person 0.8970990180969238 66 167 279 510
person 0.9148291349411011 305 97 358 208
person 0.9225646257400513 146 105 204 215
