person 0.15210965275764465 146 203 214 253
person 0.16130167245864868 144 135 165 160
person 0.16791176795959473 43 154 217 355
person 0.17945310473442078 200 127 214 144
person 0.18690425157546997 135 196 217 334
person 0.1890619993209839 448 126 465 167
person 0.2252577394247055 375 234 469 342
person 0.23538988828659058 382 217 461 294
person 0.25767576694488525 214 124 225 137
person 0.3187001943588257 192 146 223 197
person 0.42685818672180176 274 181 338 241
person 0.5075472593307495 102 161 177 256
person 0.6055289506912231 266 155 295 218
person 0.8552587032318115 264 221 414 347
