person 0.19109809398651123 78 146 88 174
person 0.2122465968132019 274 254 281 265
person 0.22732383012771606 64 139 75 169
person 0.2375854253768921 173 205 184 226
person 0.24834945797920227 83 146 95 177
person 0.2718852758407593 448 170 475 188
person 0.2779417037963867 171 202 181 219
person 0.299212783575058 110 169 123 194
person 0.30864739418029785 130 173 143 196
person 0.37549155950546265 285 263 293 278
person 0.4067195653915405 159 197 170 218
person 0.5202266573905945 295 271 304 291
person 0.5429192185401917 305 273 316 295
person 0.5720592737197876 193 66 289 100
person 0.5769884586334229 271 261 281 279
person 0.5817437171936035 257 252 266 266
person 0.5903457999229431 287 267 297 289
person 0.6500020623207092 259 256 268 275
person 0.719913125038147 182 205 193 229
person 0.7248441576957703 199 218 212 242
