person 0.16756445169448853 58 307 85 348
person 0.22451698780059814 458 305 480 368
person 0.23766738176345825 442 341 470 377
person 0.25750648975372314 284 308 322 373
person 0.25824210047721863 440 300 467 349
person 0.3377109169960022 172 302 216 370
person 0.36547383666038513 416 305 441 349
person 0.4285663664340973 25 287 449 358
person 0.4730195999145508 249 318 296 377
person 0.5079449415206909 8 306 49 371
person 0.5572201609611511 215 304 244 351
person 0.6417956948280334 374 312 412 372
person 0.9250617623329163 330 303 375 377
person 0.9994059801101685 75 186 225 594
