person 0.1565133035182953 465 261 494 400
person 0.16297072172164917 371 270 402 387
person 0.21766340732574463 504 291 562 454
person 0.2599574327468872 392 266 420 391
person 0.32540959119796753 444 295 476 401
person 0.35513460636138916 411 273 441 388
person 0.896449625492096 308 267 348 376
person 0.8971481919288635 548 280 620 478
person 0.9231312274932861 266 258 308 425
person 0.9536156058311462 163 247 205 400
person 0.972510814666748 225 256 262 393
person 0.9730329513549805 339 267 380 389
