person 0.15423858165740967 589 125 597 145
person 0.15652406215667725 493 123 503 138
person 0.196748286485672 566 128 575 146
person 0.22741100192070007 558 129 564 144
person 0.2352629005908966 544 123 551 138
person 0.24732154607772827 616 125 624 148
person 0.2573976516723633 568 123 575 137
person 0.25972992181777954 493 129 505 142
person 0.26245319843292236 531 123 539 139
person 0.28244245052337646 558 123 564 137
person 0.37035924196243286 583 122 590 139
person 0.4000462293624878 617 124 622 137
person 0.45219287276268005 606 126 612 136
person 0.48811620473861694 591 123 598 138
person 0.5317260026931763 584 125 591 148
person 0.6376969814300537 627 125 638 173
