person 0.16083502769470215 307 121 342 239
person 0.17444264888763428 576 146 640 401
person 0.17881745100021362 229 136 276 263
person 0.20245301723480225 603 153 637 259
person 0.2217409312725067 14 127 100 258
person 0.22284314036369324 13 117 55 238
person 0.2662041187286377 511 136 533 175
person 0.3026354908943176 565 107 640 252
person 0.42743003368377686 581 122 627 222
person 0.43537431955337524 481 114 521 180
person 0.4928121268749237 235 135 271 199
person 0.6740380525588989 191 136 227 254
person 0.9042448997497559 291 119 331 273
person 0.9678035974502563 314 38 594 425
person 0.9837096929550171 42 57 290 405
