person 0.18878859281539917 298 219 309 239
person 0.19668909907341003 349 220 367 258
person 0.21427878737449646 148 209 164 254
person 0.22893977165222168 75 207 81 221
person 0.23561909794807434 39 196 50 216
person 0.2356334924697876 67 195 73 213
person 0.26938003301620483 340 219 359 257
person 0.3080727159976959 305 220 318 237
person 0.4127938747406006 331 218 352 257
person 0.8202292919158936 128 215 147 257
person 0.8543620705604553 154 214 171 258
person 0.8923802375793457 432 235 463 321
person 0.9181708097457886 228 240 301 479
person 0.9714087247848511 290 231 375 480
person 0.9715943932533264 386 236 422 328
