person 0.1628589630126953 187 178 193 189
person 0.1725437343120575 239 382 298 427
person 0.2092907726764679 184 374 246 417
person 0.22118422389030457 62 196 73 225
person 0.23387432098388672 182 423 248 473
person 0.2635853886604309 407 190 416 205
person 0.3029046058654785 331 371 374 470
person 0.32571089267730713 273 188 282 203
person 0.3889423608779907 421 379 484 415
person 0.39595431089401245 48 197 57 221
person 0.5200327038764954 66 63 571 420
person 0.6184496879577637 400 281 448 330
person 0.688651442527771 284 383 338 472
person 0.7008329033851624 103 434 182 475
person 0.7357296347618103 7 403 84 464
person 0.7790552377700806 234 431 323 473
person 0.8195481896400452 445 241 476 332
person 0.8915605545043945 55 196 76 242
person 0.9339207410812378 333 369 427 480
person 0.9531388878822327 314 256 358 334
