person 0.16606292128562927 197 113 207 131
person 0.18725690245628357 109 119 130 181
person 0.3763112425804138 193 113 212 185
person 0.3876686692237854 449 208 496 282
person 0.5540492534637451 176 121 206 199
person 0.7109593152999878 253 119 280 149
person 0.7245924472808838 508 206 561 306
person 0.7420927882194519 576 209 629 303
person 0.8517417907714844 132 125 155 177
person 0.8712511658668518 118 123 139 177
person 0.9679191708564758 399 157 445 251
person 0.9831274151802063 0 189 59 449
person 0.9961786270141602 55 169 135 400
