person 0.16926223039627075 387 148 425 219
person 0.17804467678070068 401 149 442 220
person 0.18054914474487305 351 158 393 225
person 0.26378828287124634 378 136 406 193
person 0.2644687294960022 427 26 467 102
person 0.27668532729148865 458 7 480 58
person 0.2837567925453186 287 221 324 294
person 0.45301610231399536 271 176 347 237
person 0.563302218914032 371 249 438 320
person 0.58323734998703 436 247 479 324
person 0.7014076113700867 268 254 314 347
person 0.7476454377174377 421 187 461 278
person 0.80741286277771 352 202 397 278
person 0.9314917325973511 306 236 375 342
person 0.9594455361366272 355 230 449 355
person 0.998640775680542 134 87 313 587
