person 0.16887575387954712 319 345 329 357
person 0.18165284395217896 493 327 505 342
person 0.1830207109451294 280 346 290 357
person 0.21282771229743958 610 260 635 391
person 0.21756449341773987 334 345 344 357
person 0.23258253931999207 480 333 488 342
person 0.27040523290634155 294 167 354 216
person 0.27772873640060425 469 333 478 343
person 0.3243582844734192 445 332 459 344
person 0.3356514871120453 569 283 605 371
person 0.3418298661708832 452 333 465 344
person 0.3719657063484192 274 344 284 357
person 0.5727842450141907 249 190 309 232
person 0.6724995374679565 492 117 617 209
person 0.9322314858436584 424 130 486 235
