person 0.16302135586738586 141 422 163 451
person 0.1631966531276703 20 353 34 389
person 0.16502952575683594 333 316 349 351
person 0.18995219469070435 185 405 211 452
person 0.19253009557724 23 352 31 368
person 0.2266443967819214 247 360 264 403
person 0.2954481542110443 231 392 254 471
person 0.33192920684814453 168 407 201 492
person 0.3455314040184021 110 435 142 496
person 0.362907350063324 189 409 218 496
person 0.3646843433380127 237 398 259 437
person 0.4360426366329193 96 435 127 496
person 0.831454336643219 216 386 240 481
person 0.8349404335021973 128 430 192 500
