person 0.15660405158996582 225 54 256 94
person 0.1623418629169464 8 38 622 183
person 0.1677006334066391 79 71 134 106
person 0.2504614591598511 31 83 60 112
person 0.26474761962890625 195 62 227 101
person 0.2816133499145508 1 78 30 115
person 0.28304141759872437 386 46 416 76
person 0.31013476848602295 348 37 375 79
person 0.3783341348171234 118 63 168 108
person 0.4050111174583435 319 56 350 83
person 0.5066238045692444 249 63 307 95
person 0.5550944209098816 302 61 357 86
person 0.679779052734375 306 162 362 249
person 0.7249387502670288 0 2 640 99
person 0.8639613389968872 316 198 368 264
person 0.9441946744918823 175 172 254 291
