person 0.15132763981819153 142 231 157 275
person 0.1657896339893341 39 196 123 316
person 0.23609983921051025 451 246 474 295
person 0.3599223494529724 422 243 442 293
person 0.41592517495155334 84 202 127 308
person 0.4224613606929779 67 216 113 318
person 0.4536665081977844 14 242 38 299
person 0.4882347881793976 195 184 263 369
person 0.5722729563713074 401 233 430 313
person 0.6142645478248596 504 232 524 297
person 0.6796777248382568 0 223 13 287
person 0.8195702433586121 611 242 633 299
person 0.8466712236404419 534 232 564 302
person 0.870525598526001 573 230 599 302
person 0.9507114887237549 124 147 408 414
person 0.9940935373306274 453 201 518 358
