person 0.1544468104839325 26 116 55 152
person 0.1616734266281128 44 23 585 90
person 0.4100233018398285 167 45 174 66
person 0.4435255527496338 170 46 177 65
person 0.49569186568260193 187 44 197 67
person 0.6686491966247559 510 128 588 264
person 0.6843044757843018 581 113 613 205
person 0.7555729746818542 268 83 297 162
person 0.8313546180725098 351 47 366 93
person 0.8567057847976685 362 66 381 110
person 0.9163411855697632 161 83 199 162
person 0.9279390573501587 379 44 395 80
person 0.9283427596092224 327 42 345 78
person 0.940436065196991 410 95 498 281
person 0.9656263589859009 104 49 129 91
