person 0.1757379174232483 131 627 211 639
person 0.18106621503829956 25 468 50 526
person 0.18595153093338013 223 432 237 484
person 0.22987568378448486 196 476 216 520
person 0.2522813081741333 321 512 367 638
person 0.2815748453140259 0 521 80 640
person 0.2881450057029724 395 410 404 437
person 0.3219643831253052 312 502 348 610
person 0.3585328161716461 234 435 249 487
person 0.36603641510009766 390 408 399 438
person 0.39873558282852173 24 477 97 535
person 0.6870447993278503 281 552 321 637
person 0.6902697682380676 248 436 268 493
person 0.7920771837234497 2 549 61 636
person 0.8317936658859253 364 479 399 592
person 0.8501309156417847 400 477 425 592
person 0.9212411046028137 248 489 284 614
person 0.9292650818824768 160 525 207 634
person 0.971259593963623 97 515 151 640
person 0.9903883934020996 199 479 243 620
