person 0.16694185137748718 161 211 166 228
person 0.19689294695854187 272 221 276 232
person 0.2055460512638092 125 210 131 225
person 0.20865511894226074 266 221 270 232
person 0.21374374628067017 235 221 240 234
person 0.2635037899017334 137 208 141 226
person 0.26482754945755005 63 212 69 225
person 0.27432534098625183 153 213 158 227
person 0.29859453439712524 75 211 81 227
person 0.40363234281539917 200 221 205 232
person 0.4712027311325073 26 211 33 223
person 0.9777514338493347 348 203 400 350
