person 0.21937376260757446 435 132 470 266
person 0.5045728087425232 433 128 469 185
person 0.5618039965629578 389 114 437 179
person 0.6262091398239136 70 228 239 357
person 0.7341858744621277 0 148 121 355
person 0.7904261946678162 330 116 381 196
person 0.8906871676445007 301 124 519 408
person 0.896067202091217 212 114 263 202
person 0.917105495929718 541 177 616 309
person 0.9439880847930908 266 101 320 297
person 0.9452164173126221 296 175 371 314
person 0.9642766714096069 208 173 294 323
person 0.9908651113510132 445 126 511 312
person 0.9913556575775146 581 112 636 305
