person 0.16505703330039978 0 386 334 431
person 0.18496093153953552 121 409 127 429
person 0.18628007173538208 68 403 80 432
person 0.24867504835128784 135 406 148 433
person 0.2926308214664459 187 406 195 432
person 0.3360450565814972 232 407 239 430
person 0.3623506426811218 71 409 78 430
person 0.4094759225845337 83 412 89 429
person 0.5189232230186462 129 414 137 438
person 0.5307380557060242 245 346 269 430
person 0.5661950707435608 138 414 146 436
person 0.5864663124084473 16 403 33 434
person 0.6292242407798767 126 406 139 436
person 0.710260808467865 224 409 231 429
person 0.7244391441345215 92 410 99 433
person 0.8396528959274292 183 400 198 432
person 0.8972844481468201 111 410 118 432
person 0.952415943145752 168 406 179 433
