person 0.17399689555168152 492 210 498 228
person 0.17712441086769104 177 224 182 232
person 0.19468072056770325 192 231 198 242
person 0.20033878087997437 303 213 320 241
person 0.2129077911376953 221 223 227 233
person 0.2543361186981201 184 229 191 242
person 0.2575465738773346 259 215 269 229
person 0.27725911140441895 14 176 479 236
person 0.2796493470668793 231 223 237 230
person 0.28319787979125977 24 237 31 252
person 0.29110831022262573 203 223 209 233
person 0.32727909088134766 106 224 112 234
person 0.3333267569541931 194 226 199 235
person 0.3870803117752075 96 222 101 234
person 0.44038549065589905 310 210 320 232
person 0.44462427496910095 29 239 38 253
person 0.4770320653915405 184 226 190 236
person 0.5245082974433899 126 225 133 236
person 0.7098336219787598 212 222 219 235
person 0.7811193466186523 328 176 355 239
