person 0.18408259749412537 241 263 256 323
person 0.1934490203857422 37 268 117 368
person 0.21920207142829895 117 259 148 341
person 0.23732924461364746 0 250 631 336
person 0.27191945910453796 321 263 332 278
person 0.2887004315853119 145 263 170 337
person 0.3563108444213867 282 268 299 322
person 0.3592669367790222 154 267 181 322
person 0.36125418543815613 131 266 155 336
person 0.5018215179443359 600 280 619 323
person 0.5073876976966858 227 262 246 352
person 0.639438271522522 609 281 628 322
person 0.8208240270614624 624 274 639 322
person 0.8651717901229858 49 280 91 359
person 0.9063796401023865 99 255 135 344
person 0.9937220811843872 187 260 230 390
