person 0.19568273425102234 87 172 97 190
person 0.20878678560256958 32 167 37 177
person 0.23401951789855957 380 152 392 194
person 0.26669928431510925 383 171 389 193
person 0.2770659923553467 211 168 214 177
person 0.2970976233482361 207 168 210 177
person 0.41813644766807556 375 229 404 270
person 0.6397319436073303 96 190 120 216
person 0.6945787668228149 357 227 390 276
person 0.7960152626037598 296 212 326 269
person 0.8612967133522034 294 174 314 196
person 0.917239248752594 468 177 481 206
