person 0.6609815359115601 420 141 475 247
person 0.6670851707458496 264 136 315 253
person 0.6776890754699707 146 139 209 244
person 0.6924430131912231 18 149 71 241
person 0.710537850856781 475 141 525 251
person 0.7178393602371216 463 198 558 322
person 0.7571845650672913 526 154 580 257
person 0.8776235580444336 279 192 342 307
person 0.8890769481658936 115 193 206 297
person 0.8898029327392578 553 193 635 400
person 0.9116289019584656 333 191 413 314
person 0.9207539558410645 409 190 482 320
person 0.9223948121070862 192 195 277 319
person 0.9428025484085083 454 277 545 410
person 0.9464113712310791 528 271 627 416
person 0.9551438093185425 168 284 256 407
person 0.9560827612876892 387 274 476 412
person 0.9766100645065308 242 273 332 408
person 0.9801373481750488 0 198 77 381
person 0.9894723892211914 316 273 407 411
