person 0.21178454160690308 342 233 365 280
person 0.23112061619758606 295 243 322 342
person 0.2636340260505676 363 231 390 318
person 0.28644809126853943 199 224 225 372
person 0.3161025941371918 366 234 393 276
person 0.36242955923080444 516 254 535 304
person 0.3920058608055115 394 244 412 271
person 0.42506861686706543 415 247 430 272
person 0.43486902117729187 467 262 484 303
person 0.45500966906547546 338 231 364 328
person 0.5449264049530029 448 260 466 308
person 0.5928452014923096 313 231 345 337
person 0.6984377503395081 536 251 555 298
person 0.8702211380004883 210 213 244 373
person 0.8728654384613037 497 252 519 310
person 0.8852030038833618 145 233 183 372
person 0.8858546018600464 244 205 280 362
person 0.8977470397949219 31 203 95 395
person 0.90671306848526 93 202 134 387
person 0.994239091873169 373 310 441 475
