person 0.2105952501296997 532 48 587 76
person 0.22071921825408936 249 184 283 313
person 0.22160595655441284 307 186 336 309
person 0.2361164391040802 537 44 564 76
person 0.27608150243759155 475 49 499 77
person 0.2775906026363373 0 33 18 70
person 0.3294672966003418 353 37 378 115
person 0.3318299353122711 513 49 539 76
person 0.33957961201667786 25 39 56 67
person 0.4992862343788147 502 49 516 78
person 0.5790814161300659 310 69 337 120
person 0.5826462507247925 314 47 348 115
person 0.6241020560264587 407 70 436 120
person 0.6488869786262512 596 74 627 119
person 0.7329162955284119 369 38 401 118
person 0.7974215149879456 290 188 326 314
person 0.816396951675415 170 179 213 319
person 0.8289365768432617 260 184 302 325
person 0.8782437443733215 204 179 246 310
person 0.9678897857666016 385 186 432 315
