person 0.22099098563194275 268 382 282 396
person 0.23189353942871094 357 383 368 397
person 0.32683172821998596 413 376 425 392
person 0.34418973326683044 276 381 289 396
person 0.3666509985923767 377 381 389 394
person 0.4204237759113312 386 382 400 394
person 0.47051700949668884 287 381 303 396
person 0.5576899647712708 403 378 417 393
person 0.6999210715293884 362 381 376 394
person 0.9675602912902832 340 407 376 532
person 0.978753924369812 85 302 226 618
person 0.985817551612854 235 426 279 550
