person 0.21198847889900208 171 62 180 87
person 0.22550886869430542 453 47 463 70
person 0.2564859390258789 453 58 464 85
person 0.2653827667236328 37 156 47 181
person 0.26557815074920654 24 158 35 182
person 0.27400678396224976 308 65 319 83
person 0.2781333923339844 196 60 207 86
person 0.2917831540107727 307 71 319 91
person 0.30446377396583557 0 6 635 97
person 0.31410884857177734 2 158 10 179
person 0.3342975080013275 529 73 543 93
person 0.3508002758026123 16 229 43 263
person 0.37878525257110596 461 101 479 132
person 0.40026476979255676 383 69 394 91
person 0.5784622430801392 382 151 414 232
person 0.5878548622131348 22 9 628 210
person 0.8530821800231934 530 173 568 242
person 0.9782658815383911 305 259 360 360
person 0.9809472560882568 350 143 371 189
person 0.9856902360916138 113 251 159 338
