person 0.18352636694908142 377 48 417 131
person 0.19094491004943848 0 82 142 640
person 0.20325931906700134 0 59 73 507
person 0.241103857755661 237 63 265 100
person 0.24687784910202026 143 52 178 100
person 0.2815980315208435 11 40 90 196
person 0.29533302783966064 228 61 326 149
person 0.42720919847488403 332 49 417 170
person 0.5888285040855408 308 47 354 158
person 0.6639255881309509 219 84 322 283
person 0.8248890042304993 98 37 251 329
person 0.8333887457847595 71 20 163 195
person 0.9322110414505005 347 94 425 283
