person 0.16886577010154724 130 391 147 435
person 0.1946330964565277 454 340 479 431
person 0.19722241163253784 44 379 61 440
person 0.20068496465682983 176 58 192 120
person 0.21052953600883484 415 353 432 416
person 0.2186712622642517 200 369 217 431
person 0.23115608096122742 351 369 370 423
person 0.2735079228878021 76 115 99 165
person 0.2763316035270691 41 61 61 123
person 0.31657674908638 374 368 394 425
person 0.37085574865341187 28 378 46 443
person 0.38630810379981995 6 59 29 131
person 0.4465384781360626 415 36 433 96
person 0.5306943655014038 5 374 26 445
person 0.565027117729187 30 62 49 123
person 0.6341737508773804 373 46 392 110
person 0.6368110775947571 349 51 371 106
person 0.7773697972297668 340 495 413 632
person 0.9786001443862915 274 184 363 314
person 0.989777147769928 180 121 249 329
