person 0.1667187511920929 107 146 122 158
person 0.17813095450401306 333 134 338 142
person 0.1977224349975586 506 132 513 150
person 0.207784503698349 363 136 369 149
person 0.21249687671661377 100 140 113 158
person 0.22518137097358704 346 157 354 166
person 0.23516309261322021 357 155 365 165
person 0.2505451440811157 404 137 412 159
person 0.2634725570678711 268 138 279 157
person 0.3205335736274719 399 137 408 160
person 0.3619067072868347 39 139 51 157
person 0.37039417028427124 72 143 87 161
person 0.41060197353363037 103 135 110 146
person 0.43639564514160156 297 143 308 162
person 0.5058436393737793 429 140 443 167
