person 0.1602027416229248 67 10 154 61
person 0.16633856296539307 265 0 292 16
person 0.17503857612609863 0 137 17 201
person 0.17673015594482422 7 0 101 104
person 0.18963703513145447 50 0 106 41
person 0.29094114899635315 178 0 222 70
person 0.37717506289482117 2 171 61 221
person 0.6905002593994141 9 118 55 177
person 0.7331686019897461 94 161 144 204
person 0.8999147415161133 78 4 131 88
person 0.9428542852401733 13 3 63 89
person 0.9645840525627136 141 148 184 210
person 0.9684600234031677 42 136 94 211
person 0.9777383804321289 242 28 391 398
person 0.9786166548728943 362 135 411 306
