person 0.15628519654273987 310 212 315 226
person 0.15985384583473206 507 221 518 244
person 0.17822706699371338 368 237 383 270
person 0.23031961917877197 615 233 627 253
person 0.3757950961589813 590 212 599 231
person 0.4117433428764343 228 256 275 303
person 0.4840618968009949 353 221 373 266
person 0.48860296607017517 356 222 368 246
person 0.5611847043037415 515 221 526 245
person 0.6211998462677002 363 225 384 266
person 0.9132816791534424 163 255 220 400
person 0.9175194501876831 225 250 336 437
