person 0.1512792706489563 249 109 313 160
person 0.16958731412887573 168 106 209 165
person 0.21120016276836395 410 89 462 118
person 0.2117384970188141 237 105 321 252
person 0.26916536688804626 74 20 569 170
person 0.5215159058570862 8 223 120 422
person 0.5863747000694275 415 87 453 170
person 0.7788347601890564 607 94 640 260
person 0.8258423209190369 335 108 413 237
person 0.8275604248046875 0 149 67 402
person 0.8411601781845093 472 96 530 267
person 0.8522231578826904 502 91 564 276
person 0.9625045657157898 565 92 626 269
