person 0.15200576186180115 345 240 355 272
person 0.15401047468185425 216 218 236 276
person 0.16066011786460876 203 224 225 272
person 0.19148623943328857 375 235 392 276
person 0.1927349865436554 254 221 273 268
person 0.19459787011146545 402 228 423 287
person 0.23777318000793457 335 238 345 271
person 0.26269376277923584 411 230 432 288
person 0.26757073402404785 367 236 385 276
person 0.34687310457229614 355 233 375 277
person 0.3668214678764343 0 221 11 274
person 0.4305537939071655 322 237 332 259
person 0.5961805582046509 64 225 92 275
person 0.7022693157196045 5 221 34 293
person 0.7228699326515198 133 232 157 275
person 0.7902722954750061 239 195 363 473
person 0.8291207551956177 236 218 260 276
person 0.8505207896232605 90 243 111 277
