person 0.16113728284835815 301 349 313 378
person 0.1664915680885315 348 392 369 434
person 0.19039839506149292 515 461 543 493
person 0.22322893142700195 191 315 201 337
person 0.25646692514419556 324 363 337 392
person 0.2889620065689087 181 316 193 337
person 0.3265135884284973 343 365 365 409
person 0.3359210789203644 266 388 277 414
person 0.3451462388038635 317 364 331 392
person 0.36198991537094116 299 349 319 401
person 0.5671566724777222 314 387 336 428
person 0.7007142901420593 279 381 297 420
