person 0.24888622760772705 93 203 128 279
person 0.273955762386322 463 191 487 246
person 0.29974350333213806 512 194 534 240
person 0.3347970247268677 136 193 176 273
person 0.39235857129096985 36 191 91 280
person 0.4264821410179138 119 205 155 277
person 0.4358363449573517 212 193 246 273
person 0.544148325920105 161 192 202 273
person 0.6741218566894531 61 197 107 282
person 0.7036473751068115 193 189 230 276
person 0.8859521150588989 477 165 512 246
person 0.9827125668525696 210 88 487 357
person 0.9841659665107727 560 66 640 339
