person 0.16548797488212585 345 227 362 270
person 0.18170735239982605 399 230 418 284
person 0.18976649641990662 457 212 477 290
person 0.25058066844940186 405 230 429 285
person 0.26051026582717896 83 236 100 275
person 0.29913485050201416 110 234 124 279
person 0.36468705534935 362 229 373 267
person 0.3719300925731659 45 239 65 290
person 0.4147833287715912 415 231 437 284
person 0.43961793184280396 178 232 194 276
person 0.5724176168441772 97 239 120 289
person 0.5923525094985962 58 237 82 293
person 0.6617031693458557 349 229 368 284
person 0.681601881980896 136 232 156 284
person 0.81103515625 298 229 322 290
