person 0.16655904054641724 353 234 372 275
person 0.16887274384498596 630 264 638 296
person 0.17566350102424622 257 246 270 268
person 0.17674770951271057 309 244 317 268
person 0.1773289442062378 281 232 301 267
person 0.19119608402252197 396 256 450 281
person 0.20380154252052307 344 247 358 272
person 0.24547016620635986 606 268 619 290
person 0.259912371635437 339 229 357 269
person 0.27776020765304565 399 257 420 279
person 0.28264105319976807 260 238 269 258
person 0.2956547141075134 344 232 353 259
person 0.3188006281852722 336 230 345 266
person 0.34304749965667725 296 232 308 266
person 0.3483305275440216 247 234 256 260
person 0.40876638889312744 364 240 389 275
person 0.4377705454826355 359 230 369 263
person 0.44658568501472473 321 231 332 268
