person 0.1561560034751892 99 184 108 208
person 0.17515692114830017 220 246 234 270
person 0.1801118552684784 219 242 235 258
person 0.18136343359947205 269 270 279 293
person 0.19951891899108887 109 202 122 221
person 0.23457863926887512 180 250 195 271
person 0.2718935012817383 104 206 126 238
person 0.2847888469696045 243 240 260 260
person 0.32068294286727905 109 210 121 233
person 0.32485198974609375 306 275 374 315
person 0.3328555226325989 0 49 640 275
person 0.35104942321777344 40 185 49 213
person 0.36561888456344604 61 187 69 208
person 0.4200090765953064 24 184 32 214
person 0.4900803864002228 14 184 23 214
person 0.5057376027107239 339 275 363 313
person 0.5233092308044434 47 185 56 212
person 0.6166752576828003 1 184 8 213
person 0.7850314378738403 323 273 352 315
