person 0.1564786434173584 64 305 70 318
person 0.1863255500793457 65 308 72 325
person 0.19024062156677246 76 312 84 327
person 0.1910933256149292 104 311 113 335
person 0.21668776869773865 124 318 132 338
person 0.23292654752731323 616 331 626 355
person 0.44669443368911743 37 316 50 340
person 0.5157647132873535 211 313 218 334
person 0.5401890873908997 189 313 196 334
person 0.6773897409439087 199 313 206 334
person 0.7112730741500854 107 317 119 342
person 0.9498943090438843 142 320 182 392
person 0.9750370979309082 395 318 446 466
person 0.9774341583251953 561 328 635 480
