person 0.3113498091697693 97 174 117 215
person 0.3203452229499817 62 148 76 165
person 0.33896684646606445 140 174 161 215
person 0.3592170476913452 257 39 262 56
person 0.36307501792907715 57 231 79 265
person 0.3880762755870819 56 85 577 383
person 0.4205516278743744 332 221 341 244
person 0.42310094833374023 499 300 516 321
person 0.4703589975833893 1 231 11 258
person 0.5074306130409241 282 227 303 263
person 0.5545370578765869 266 199 290 238
person 0.5845130681991577 540 319 563 366
person 0.6413975954055786 588 167 613 201
person 0.7469515204429626 413 282 428 305
person 0.7552822232246399 483 179 510 215
person 0.7938587069511414 520 291 546 326
person 0.8173803091049194 326 201 346 243
person 0.8348101377487183 169 275 195 318
person 0.8523761034011841 459 273 483 311
person 0.8701906204223633 554 283 575 329
