person 0.17338398098945618 479 180 500 333
person 0.18666216731071472 327 194 334 210
person 0.18958857655525208 266 179 282 225
person 0.22861561179161072 328 195 340 222
person 0.2920035123825073 400 180 417 225
person 0.30600792169570923 240 186 305 285
person 0.35999220609664917 468 165 500 375
person 0.36151957511901855 197 194 201 207
person 0.36211642622947693 201 193 206 207
person 0.377846360206604 320 192 326 207
person 0.6376475095748901 333 198 343 224
person 0.70921790599823 253 223 293 283
person 0.7521564960479736 417 179 442 251
person 0.8307788372039795 238 189 267 276
person 0.8626077771186829 293 198 306 229
person 0.8976045846939087 157 203 183 268
person 0.9833124876022339 77 183 149 371
