person 0.38897883892059326 358 274 365 293
person 0.3992757201194763 189 273 195 293
person 0.44178062677383423 123 271 129 295
person 0.44992804527282715 393 271 400 290
person 0.5251201391220093 151 271 172 302
person 0.605921745300293 114 272 121 296
person 0.622413158416748 333 266 343 304
person 0.6287926435470581 384 272 392 291
person 0.6355962753295898 428 267 446 307
person 0.6401233673095703 485 267 505 300
person 0.6416065096855164 407 270 415 290
person 0.6759278774261475 100 268 109 303
person 0.7295251488685608 448 265 470 317
person 0.7747493982315063 280 274 290 297
person 0.789536714553833 0 256 640 321
person 0.8049821257591248 242 268 258 305
person 0.8206284642219543 218 261 238 305
person 0.8952723145484924 137 269 147 303
person 0.9457271099090576 314 270 333 319
person 0.9848152995109558 27 239 99 380
