person 0.15952599048614502 274 207 280 224
person 0.1733279824256897 140 205 148 231
person 0.17424410581588745 476 140 497 205
person 0.17425647377967834 482 153 519 208
person 0.2291203737258911 123 206 134 234
person 0.2483823001384735 207 187 224 231
person 0.2522366940975189 100 202 121 311
person 0.2598370909690857 210 187 221 203
person 0.2936587929725647 301 196 309 225
person 0.37267759442329407 240 205 249 226
person 0.5998287796974182 6 251 32 288
person 0.8346602916717529 107 223 126 299
person 0.8406935334205627 246 208 257 225
person 0.9676384925842285 69 195 105 338
