person 0.23033937811851501 452 154 475 190
person 0.23352685570716858 581 430 610 475
person 0.2357909381389618 417 79 432 112
person 0.25489306449890137 556 421 582 465
person 0.2760103642940521 452 151 466 176
person 0.31121036410331726 117 309 146 358
person 0.3544887900352478 46 90 65 112
person 0.36480432748794556 74 223 108 296
person 0.43924999237060547 211 192 237 283
person 0.5082482695579529 15 0 611 459
person 0.5232957005500793 20 319 44 370
person 0.5565584897994995 459 171 483 204
