person 0.1585465371608734 398 139 419 178
person 0.24963441491127014 461 151 485 188
person 0.25755560398101807 483 133 507 189
person 0.3258891999721527 374 138 403 199
person 0.3646228611469269 253 134 274 180
person 0.38796430826187134 407 112 437 155
person 0.4363555908203125 610 136 634 179
person 0.4681459665298462 52 116 640 190
person 0.4712332785129547 162 100 246 350
person 0.5042482018470764 237 131 264 184
person 0.6427040696144104 503 127 535 194
person 0.6445351839065552 112 118 212 370
person 0.6729446649551392 571 129 596 186
person 0.7027751803398132 533 147 566 191
person 0.7700519561767578 269 130 304 183
person 0.8359745144844055 1 79 86 380
person 0.901951789855957 0 187 67 407
person 0.9148514270782471 307 136 449 422
person 0.9211853742599487 312 127 339 160
person 0.9658398628234863 79 97 137 309
