person 0.1581295132637024 0 32 8 65
person 0.16928356885910034 0 6 14 64
person 0.17982569336891174 288 1 348 48
person 0.22044700384140015 102 9 154 59
person 0.2515512704849243 0 0 633 70
person 0.42799657583236694 47 3 94 61
person 0.49263399839401245 296 31 347 63
person 0.5362668037414551 198 18 258 62
person 0.5624197721481323 44 33 100 61
person 0.6407164931297302 621 11 640 57
person 0.6859257221221924 250 28 300 62
person 0.7152582406997681 89 40 154 65
person 0.8560106158256531 15 100 118 220
person 0.881912112236023 151 37 204 64
person 0.8921481370925903 265 88 401 244
