person 0.2042447030544281 352 331 374 432
person 0.21584227681159973 63 306 557 440
person 0.22957268357276917 4 321 30 367
person 0.2766450345516205 264 333 289 430
person 0.30624300241470337 548 333 573 382
person 0.32675665616989136 542 335 571 425
person 0.3542535901069641 218 325 241 406
person 0.39600715041160583 51 322 84 373
person 0.5169843435287476 167 327 196 417
person 0.5187655687332153 519 334 544 427
person 0.5806133151054382 140 318 171 419
person 0.6150328516960144 420 331 454 463
person 0.6261746287345886 340 328 368 439
person 0.6291505098342896 324 335 354 444
person 0.6916614770889282 251 335 279 430
person 0.7296117544174194 103 320 134 422
person 0.8491294384002686 439 347 478 464
person 0.8595401048660278 287 339 318 444
person 0.9152600765228271 581 347 628 468
person 0.9180985689163208 378 333 421 461
