person 0.1518993377685547 601 123 614 147
person 0.21138212084770203 132 101 149 117
person 0.22198903560638428 608 125 634 164
person 0.22292113304138184 231 120 246 140
person 0.2946106195449829 306 120 319 143
person 0.2954362630844116 59 102 78 126
person 0.33011960983276367 96 101 114 125
person 0.37309104204177856 272 118 284 147
person 0.3793046474456787 175 97 330 472
person 0.40172383189201355 551 148 640 479
person 0.5309921503067017 285 114 309 146
person 0.7631503343582153 93 113 219 364
person 0.7734322547912598 330 118 348 144
person 0.783765435218811 418 102 542 329
person 0.7856441736221313 353 124 369 143
person 0.8236730694770813 41 159 89 257
