person 0.17038372159004211 514 7 622 92
person 0.18381449580192566 430 6 523 137
person 0.28392302989959717 318 0 518 263
person 0.31962069869041443 358 19 480 130
person 0.4093284010887146 273 11 395 71
person 0.4921874701976776 468 0 640 263
person 0.5029910206794739 0 18 262 257
person 0.5664395689964294 90 12 186 77
person 0.6322230100631714 487 18 640 134
person 0.6863611936569214 17 33 160 203
person 0.7452042698860168 220 46 358 214
person 0.7994785308837891 490 47 640 203
person 0.8839195966720581 109 41 262 203
