person 0.17708727717399597 224 180 242 224
person 0.19396761059761047 338 215 346 243
person 0.23570704460144043 289 207 300 241
person 0.23911148309707642 300 214 310 242
person 0.27621990442276 347 217 354 238
person 0.4299617409706116 255 206 272 249
person 0.487058162689209 330 215 345 264
person 0.5062114000320435 359 225 369 250
person 0.5783061981201172 185 209 265 512
person 0.5987920761108398 319 213 336 264
person 0.7056044340133667 309 213 328 266
person 0.8796088695526123 267 210 287 265
person 0.9087936878204346 112 187 277 550
person 0.9887209534645081 317 281 386 466
