person 0.1750648319721222 131 280 241 399
person 0.2459530532360077 430 247 467 339
person 0.2574130892753601 499 245 546 324
person 0.2590889036655426 0 232 113 390
person 0.29627543687820435 610 267 639 402
person 0.3131071627140045 361 309 407 399
person 0.31331703066825867 53 269 159 403
person 0.4658081531524658 20 96 640 372
person 0.4729926288127899 405 363 565 393
person 0.6098434925079346 239 290 334 382
person 0.7413352727890015 513 240 625 391
person 0.7456157207489014 443 307 512 357
