person 0.162095308303833 358 227 372 258
person 0.16336748003959656 213 213 222 235
person 0.22628894448280334 548 201 556 218
person 0.22835898399353027 565 204 575 217
person 0.2658456563949585 335 228 343 245
person 0.31088343262672424 280 225 301 268
person 0.33028745651245117 517 204 523 216
person 0.4972173869609833 397 199 403 220
person 0.5487625598907471 552 201 562 219
person 0.5757861137390137 361 223 381 254
person 0.5815867781639099 498 208 503 219
person 0.6391816139221191 268 234 278 265
person 0.706283450126648 509 205 514 217
person 0.8616500496864319 529 200 536 215
person 0.892851710319519 407 215 417 250
person 0.937626302242279 285 171 320 270
