person 0.17199376225471497 412 217 444 321
person 0.1867135614156723 391 275 440 318
person 0.19896474480628967 495 113 500 123
person 0.2266368269920349 533 103 540 115
person 0.23514273762702942 506 106 512 117
person 0.2435792088508606 336 228 359 260
person 0.24777907133102417 346 99 353 114
person 0.3645403981208801 497 106 502 121
person 0.4811995029449463 419 218 446 273
person 0.5042902231216431 455 228 484 309
person 0.5216453075408936 388 218 416 273
person 0.5951586365699768 552 98 557 114
person 0.5966822504997253 548 98 554 115
person 0.7402969598770142 296 229 331 310
person 0.7946205139160156 176 225 200 267
person 0.7994931936264038 512 226 543 308
person 0.8965361714363098 238 212 266 283
