person 0.16701823472976685 497 223 501 235
person 0.1798783838748932 467 215 473 233
person 0.21306392550468445 507 223 511 235
person 0.2544727325439453 433 220 444 239
person 0.2642914652824402 554 211 560 229
person 0.30422043800354004 544 210 550 229
person 0.3348466753959656 568 197 575 213
person 0.405023992061615 479 185 495 232
person 0.41900116205215454 481 186 493 211
person 0.5209165811538696 587 209 597 234
person 0.6153290271759033 584 211 593 235
person 0.6541604995727539 417 203 424 232
