person 0.16603460907936096 209 303 217 317
person 0.1786833107471466 306 298 320 339
person 0.18667268753051758 222 303 229 317
person 0.24048110842704773 199 307 212 329
person 0.2620338797569275 200 305 209 316
person 0.26927852630615234 208 306 220 330
person 0.2882269620895386 259 305 269 326
person 0.30043286085128784 145 308 158 334
person 0.3059051036834717 260 300 268 318
person 0.3307177424430847 296 297 303 318
person 0.34606507420539856 220 307 230 329
person 0.357978880405426 286 299 296 318
person 0.42975130677223206 312 298 318 323
person 0.5130096673965454 285 304 300 331
person 0.6293624043464661 320 298 328 324
person 0.792454719543457 189 308 218 353
person 0.8624227643013 150 314 182 392
person 0.900033712387085 112 312 145 375
person 0.9111394286155701 225 310 254 357
person 0.9730958938598633 35 338 127 473
