person 0.1503182053565979 232 431 248 453
person 0.1518593728542328 485 417 495 435
person 0.15723544359207153 212 421 226 441
person 0.15743586421012878 558 391 566 417
person 0.16744816303253174 469 408 478 429
person 0.17108115553855896 24 262 52 363
person 0.18599030375480652 243 421 257 441
person 0.19650280475616455 493 417 504 436
person 0.22879788279533386 493 410 502 430
person 0.26370808482170105 244 430 257 448
person 0.28490763902664185 221 420 235 439
person 0.3140350580215454 208 424 230 460
person 0.3781377673149109 217 424 238 458
person 0.39535456895828247 182 434 203 474
person 0.9866741895675659 264 86 460 356
