person 0.15943238139152527 165 197 187 249
person 0.16556018590927124 574 213 599 254
person 0.31255072355270386 378 321 449 389
person 0.6103054881095886 473 305 544 385
person 0.6434316039085388 360 295 402 360
person 0.8176884651184082 505 305 595 403
person 0.8285753726959229 339 194 366 273
person 0.8520086407661438 371 311 472 443
person 0.8740984201431274 433 305 480 379
person 0.9676234722137451 217 254 285 366
person 0.9691037535667419 230 196 278 266
person 0.9853560924530029 387 213 429 304
person 0.9904841184616089 290 185 342 330
