person 0.2019977867603302 173 27 220 103
person 0.2193191945552826 277 26 323 105
person 0.2240017056465149 448 2 497 81
person 0.25 452 132 526 179
person 0.253242552280426 57 2 106 78
person 0.28536611795425415 397 1 444 109
person 0.29547005891799927 466 71 520 150
person 0.31587329506874084 50 67 104 162
person 0.33657151460647583 343 105 390 170
person 0.3513367772102356 119 25 172 108
person 0.37452566623687744 402 100 454 175
person 0.3775779902935028 74 64 125 164
person 0.46627524495124817 286 86 342 165
person 0.5385331511497498 410 72 463 152
person 0.6124342679977417 0 2 563 172
person 0.7593734264373779 3 75 50 148
person 0.8229024410247803 114 69 173 166
person 0.9009856581687927 233 137 363 494
person 0.9238623380661011 239 66 289 162
person 0.9273409843444824 169 65 230 168
