person 0.15540367364883423 321 116 332 144
person 0.17559534311294556 352 187 640 416
person 0.2055470049381256 472 120 502 169
person 0.22189205884933472 319 111 329 137
person 0.2487400770187378 431 118 491 158
person 0.26504144072532654 194 123 216 170
person 0.33128225803375244 202 124 226 167
person 0.3357614278793335 217 124 236 165
person 0.35471993684768677 270 109 284 157
person 0.3607600927352905 347 106 361 141
person 0.40084314346313477 435 116 464 156
person 0.41015124320983887 370 110 382 137
person 0.4279112219810486 380 113 390 134
person 0.5755203366279602 403 105 414 138
person 0.6197521686553955 483 125 514 171
person 0.6527137756347656 417 200 579 353
person 0.7850080728530884 115 112 144 186
