person 0.18322116136550903 377 163 440 294
person 0.32449525594711304 169 162 235 307
person 0.381643146276474 179 199 229 415
person 0.6248171925544739 232 154 297 276
person 0.7786451578140259 85 155 167 418
person 0.8005610704421997 440 151 529 278
person 0.8846198320388794 294 136 372 275
person 0.9804531335830688 111 233 202 429
person 0.9836668968200684 277 231 380 434
person 0.9872981309890747 365 234 455 432
person 0.9923578500747681 440 233 549 430
person 0.9938023090362549 196 239 286 430
