person 0.1511082649230957 12 303 38 344
person 0.16773861646652222 238 430 298 464
person 0.17455479502677917 388 419 417 456
person 0.1778806447982788 232 380 257 419
person 0.22011792659759521 338 424 393 470
person 0.25732898712158203 42 384 109 422
person 0.287456214427948 264 382 295 417
person 0.4511827826499939 3 377 39 421
person 0.4813045859336853 270 423 317 497
person 0.4942725598812103 213 422 245 452
person 0.5064412951469421 2 48 421 494
person 0.6225325465202332 0 421 23 454
person 0.7664294242858887 11 427 60 454
person 0.9389102458953857 59 431 111 539
person 0.9879062175750732 81 334 253 631
