person 0.16627883911132812 257 181 288 230
person 0.16883569955825806 133 191 154 222
person 0.17886367440223694 122 172 143 200
person 0.21279293298721313 102 214 130 272
person 0.22099876403808594 93 212 138 237
person 0.22602590918540955 215 187 240 223
person 0.2307201623916626 230 161 252 189
person 0.23692530393600464 75 189 100 223
person 0.28101539611816406 120 201 145 232
person 0.3021966218948364 180 213 223 238
person 0.34494054317474365 244 184 272 215
person 0.36539363861083984 14 191 39 225
person 0.3883477747440338 45 193 71 220
person 0.4327838122844696 102 192 127 220
person 0.4409891963005066 0 194 16 236
person 0.4714004397392273 0 38 333 226
person 0.589047372341156 215 210 239 237
person 0.6854282021522522 186 179 214 216
person 0.77546226978302 69 224 100 285
person 0.9651600122451782 124 214 201 412
