person 0.26282912492752075 238 193 242 204
person 0.26322615146636963 347 192 352 202
person 0.26980262994766235 384 173 392 195
person 0.27578145265579224 210 182 217 217
person 0.2836325764656067 568 186 574 202
person 0.2913227081298828 311 192 315 201
person 0.3334583640098572 393 189 398 205
person 0.3409295678138733 519 182 526 197
person 0.37946781516075134 631 189 635 203
person 0.38371795415878296 250 194 253 203
person 0.45115792751312256 517 186 523 201
person 0.4662710428237915 299 192 302 201
person 0.4941680431365967 262 192 266 203
person 0.545775294303894 275 193 278 204
person 0.5793935656547546 286 193 290 204
person 0.6052753925323486 594 188 599 203
person 0.6898444294929504 617 189 622 203
person 0.7203745245933533 607 189 612 203
person 0.8097488880157471 207 180 222 219
person 0.901935338973999 529 177 576 260
