person 0.16426432132720947 579 212 616 298
person 0.17787936329841614 333 180 493 303
person 0.30156511068344116 341 183 355 234
person 0.3108884394168854 252 183 271 240
person 0.32070064544677734 331 184 348 236
person 0.3780997395515442 74 180 134 371
person 0.4080767035484314 269 185 292 235
person 0.47026699781417847 328 127 496 456
person 0.49622416496276855 562 188 592 308
person 0.6131930351257324 490 183 526 327
person 0.679284393787384 145 182 172 315
person 0.6823859810829163 167 182 195 307
person 0.812816858291626 120 183 154 323
person 0.929754912853241 0 147 83 448
person 0.9662659764289856 289 182 329 280
person 0.9902117252349854 189 173 263 340
