person 0.15548643469810486 271 157 299 185
person 0.17172956466674805 397 188 456 225
person 0.2170945107936859 230 186 279 261
person 0.22597090899944305 97 148 452 267
person 0.27753400802612305 65 162 105 229
person 0.3097901940345764 131 178 175 238
person 0.3354567289352417 110 172 153 237
person 0.3362303376197815 94 166 131 233
person 0.38552969694137573 170 212 214 254
person 0.4545380473136902 434 183 491 264
person 0.4790739417076111 356 190 403 253
person 0.8149727582931519 256 207 328 273
person 0.8250638842582703 374 188 479 274
person 0.9033091068267822 212 196 263 254
person 0.9536978006362915 318 199 373 268
