person 0.184026300907135 589 100 621 221
person 0.24500548839569092 607 118 632 203
person 0.25250014662742615 354 102 391 183
person 0.365632027387619 171 92 211 191
person 0.4085930585861206 220 102 250 215
person 0.712143063545227 514 110 552 203
person 0.8179922103881836 176 84 224 235
person 0.8646020889282227 338 97 380 178
person 0.9423857927322388 51 98 105 185
person 0.9659123420715332 266 54 566 453
person 0.9674781560897827 557 99 601 237
person 0.9791233539581299 244 94 310 291
person 0.9881680011749268 0 126 210 445
