person 0.21798813343048096 527 225 583 336
person 0.24814492464065552 91 186 131 265
person 0.2585323750972748 213 168 256 246
person 0.25905507802963257 293 169 335 251
person 0.27095383405685425 387 243 432 322
person 0.29020166397094727 589 172 628 247
person 0.32903334498405457 552 221 599 330
person 0.3631162643432617 65 226 111 321
person 0.46117761731147766 254 165 299 246
person 0.4957863986492157 256 235 300 312
person 0.5014516711235046 397 255 470 339
person 0.6781032681465149 459 242 513 334
person 0.7085725665092468 110 229 159 317
person 0.7183898687362671 504 238 564 337
person 0.7266230583190918 27 233 83 327
person 0.7554660439491272 583 232 637 329
person 0.7830725908279419 208 228 262 317
person 0.8886450529098511 335 239 388 327
person 0.9020563364028931 164 228 208 316
person 0.9650683403015137 287 237 340 324
