person 0.16123196482658386 257 90 264 123
person 0.18518418073654175 50 101 71 155
person 0.20844611525535583 29 100 50 155
person 0.26228225231170654 53 105 68 126
person 0.36129337549209595 254 92 266 139
person 0.3755725026130676 213 103 228 155
person 0.3849104940891266 200 102 213 150
person 0.39494556188583374 352 89 359 111
person 0.5849742293357849 262 89 274 139
person 0.6951619386672974 167 96 184 140
person 0.8044155836105347 225 100 240 151
person 0.9150180220603943 191 102 207 152
person 0.9152992963790894 14 127 41 223
