person 0.17383942008018494 466 96 477 129
person 0.17798030376434326 231 110 239 134
person 0.20882076025009155 562 91 576 106
person 0.2978813350200653 503 94 522 151
person 0.3999546766281128 189 113 195 131
person 0.4445335566997528 21 86 610 143
person 0.45258858799934387 527 92 545 154
person 0.529945969581604 464 97 482 138
person 0.5384418964385986 200 113 207 132
person 0.5920991897583008 292 106 303 129
person 0.601057231426239 451 102 465 140
person 0.6516975164413452 226 108 234 134
person 0.6540502309799194 538 88 563 165
person 0.7303992509841919 473 100 495 143
person 0.7610602974891663 212 110 221 133
person 0.7623751759529114 490 100 509 143
person 0.8824160099029541 508 93 536 153
person 0.9318357706069946 428 97 446 138
person 0.9461063146591187 548 43 640 253
person 0.9471338987350464 311 103 332 147
