person 0.3008710741996765 428 95 477 162
person 0.31842079758644104 209 75 296 219
person 0.3415617346763611 41 7 137 202
person 0.34848326444625854 105 1 204 206
person 0.38018113374710083 331 276 423 424
person 0.414578914642334 333 97 381 162
person 0.5289318561553955 480 92 528 167
person 0.541754424571991 566 38 640 365
person 0.5548548698425293 378 23 418 128
person 0.565168559551239 417 4 475 102
person 0.5729242563247681 304 100 352 191
person 0.5868435502052307 370 209 440 384
person 0.6136367917060852 209 17 256 124
person 0.6646307706832886 488 72 609 235
person 0.6975919604301453 45 285 162 424
person 0.7537865042686462 338 25 387 122
person 0.8326091766357422 249 129 302 226
person 0.8541382551193237 142 179 233 328
person 0.8989933729171753 437 214 542 390
person 0.9187751412391663 413 140 503 272
