person 0.1527445912361145 97 191 127 239
person 0.17563369870185852 270 144 281 172
person 0.18103265762329102 286 143 297 167
person 0.20683202147483826 32 141 442 230
person 0.21056431531906128 116 189 131 209
person 0.21580016613006592 95 176 111 204
person 0.2312614619731903 38 176 65 224
person 0.26324597001075745 274 148 284 175
person 0.28162217140197754 151 189 176 235
person 0.2853512763977051 21 204 76 250
person 0.3771055340766907 69 173 95 210
person 0.4855349361896515 173 170 195 213
person 0.5079689621925354 287 166 312 212
person 0.6911280155181885 328 172 360 213
person 0.7258579730987549 306 139 333 198
person 0.8398945331573486 187 200 321 533
person 0.8705557584762573 37 293 179 575
person 0.9948530793190002 405 139 462 288
