person 0.1542481780052185 102 137 116 171
person 0.17165198922157288 392 143 402 162
person 0.17205950617790222 385 142 396 162
person 0.190916508436203 381 141 400 167
person 0.20030733942985535 96 140 110 184
person 0.22157850861549377 437 140 455 168
person 0.2254319190979004 445 142 465 169
person 0.2753415107727051 413 137 428 166
person 0.31773215532302856 147 136 169 214
person 0.3613170385360718 131 141 145 182
person 0.4067913591861725 476 138 495 172
person 0.5232616066932678 139 138 160 215
person 0.8928879499435425 39 138 106 375
