person 0.16175374388694763 0 228 36 322
person 0.3010951280593872 284 86 329 163
person 0.6364205479621887 3 75 58 175
person 0.7282593250274658 370 89 427 181
person 0.7611266374588013 490 197 631 480
person 0.7833452224731445 0 93 89 265
person 0.8084183931350708 523 112 621 226
person 0.8480066657066345 331 109 431 298
person 0.8817012310028076 405 92 486 224
person 0.9432146549224854 418 154 594 433
person 0.9581871032714844 108 79 177 210
person 0.9695262908935547 187 71 276 190
person 0.9716932773590088 330 25 385 117
person 0.9865596294403076 219 121 397 473
person 0.9928419589996338 0 207 250 480
