person 0.18554383516311646 114 202 118 214
person 0.22553685307502747 123 202 128 216
person 0.22862493991851807 605 338 618 354
person 0.2438988983631134 468 318 492 393
person 0.25469058752059937 533 323 565 427
person 0.28651660680770874 513 316 542 425
person 0.2968844771385193 511 303 535 333
person 0.3280162215232849 383 287 395 323
person 0.3402058482170105 148 208 154 223
person 0.34499430656433105 146 204 153 218
person 0.3477456867694855 378 288 396 348
person 0.37432971596717834 286 293 299 325
person 0.4163317382335663 381 316 401 371
person 0.47253361344337463 399 288 422 366
person 0.7021697759628296 161 216 167 228
person 0.7360433340072632 331 289 355 349
person 0.7385309934616089 273 274 284 308
person 0.7526537179946899 364 289 387 351
person 0.8195163011550903 207 233 215 252
person 0.8378181457519531 432 293 463 389
