person 0.6325635313987732 97 87 143 158
person 0.6395787000656128 322 84 363 155
person 0.6552072763442993 353 25 394 111
person 0.6556337475776672 107 134 150 274
person 0.6623553037643433 407 86 452 159
person 0.6702325344085693 61 29 110 115
person 0.6801446080207825 248 119 294 232
person 0.7113244533538818 318 131 362 226
person 0.7639369964599609 394 30 439 110
person 0.8020009994506836 2 89 47 165
person 0.8086398839950562 65 202 135 298
person 0.8407924771308899 355 128 399 234
person 0.9094001054763794 425 137 481 270
person 0.9345982074737549 395 126 437 222
person 0.9347997903823853 379 199 454 287
person 0.9705954790115356 1 149 48 275
person 0.9716860055923462 254 197 334 288
person 0.9733583927154541 136 196 214 291
person 0.9802641868591309 317 194 388 285
person 0.9839340448379517 198 192 269 289
