person 0.15760239958763123 91 1 131 29
person 0.18283408880233765 32 28 468 215
person 0.5011659264564514 265 140 296 225
person 0.5033407211303711 14 0 37 53
person 0.6183056831359863 221 148 248 231
person 0.6725142598152161 260 6 290 61
person 0.7607751488685608 475 39 497 95
person 0.8808453679084778 244 147 275 234
person 0.8963820934295654 274 153 309 230
person 0.9118289947509766 207 145 237 236
person 0.9225252270698547 94 137 128 218
person 0.9276626110076904 178 145 215 236
person 0.9686402082443237 303 152 338 239
