person 0.18363165855407715 96 182 132 252
person 0.1963023543357849 254 170 274 227
person 0.20194652676582336 582 143 612 179
person 0.2371271848678589 457 160 468 183
person 0.24847286939620972 72 146 562 239
person 0.2552415430545807 384 150 460 274
person 0.25538378953933716 321 154 397 275
person 0.2805176377296448 581 146 613 221
person 0.28660064935684204 187 164 270 313
person 0.34814468026161194 113 175 149 251
person 0.38377538323402405 579 168 609 266
person 0.49368324875831604 514 153 549 236
person 0.5936053991317749 616 183 636 302
person 0.6196423172950745 466 149 509 235
person 0.6608185768127441 399 147 444 242
person 0.7802702188491821 284 151 331 265
person 0.8086689710617065 10 204 32 267
person 0.8138038516044617 208 169 253 271
person 0.8898550271987915 0 205 14 270
person 0.9055445790290833 338 151 385 243
