person 0.15214073657989502 301 238 322 289
person 0.16824187338352203 48 243 558 303
person 0.17370733618736267 543 263 555 308
person 0.23040074110031128 381 286 409 317
person 0.26669782400131226 183 246 207 328
person 0.2873347997665405 429 250 447 297
person 0.3105847239494324 320 248 334 281
person 0.315454363822937 333 246 354 280
person 0.40274471044540405 373 289 407 360
person 0.41569650173187256 349 245 367 281
person 0.4902770519256592 283 239 316 304
person 0.6910660862922668 468 245 491 325
person 0.6999186277389526 369 242 394 287
person 0.7000214457511902 394 246 417 304
person 0.8038321733474731 0 233 42 442
person 0.8395108580589294 559 256 580 301
person 0.8705053329467773 184 232 309 567
person 0.9080540537834167 446 241 474 329
person 0.9849374890327454 30 231 103 435
