person 0.1634998917579651 23 253 33 270
person 0.1636289656162262 562 258 575 278
person 0.1639077067375183 629 243 638 274
person 0.16554388403892517 14 253 23 270
person 0.19006004929542542 552 255 564 278
person 0.1936720609664917 454 260 468 282
person 0.19471490383148193 427 262 444 285
person 0.20283877849578857 543 254 558 279
person 0.21052545309066772 205 239 229 304
person 0.2288668155670166 415 251 437 284
person 0.23345455527305603 465 260 479 282
person 0.23781564831733704 255 236 272 256
person 0.24703344702720642 440 263 456 284
person 0.31833797693252563 577 255 590 278
person 0.38484206795692444 194 251 218 315
person 0.6351040005683899 34 31 595 334
person 0.7861084938049316 217 272 245 315
person 0.8807222843170166 278 250 316 315
person 0.9945700168609619 476 280 524 381
