person 0.1921493113040924 571 178 594 237
person 0.230169415473938 416 179 451 315
person 0.3494052290916443 467 181 502 312
person 0.4722495675086975 343 182 376 323
person 0.5571558475494385 270 187 314 348
person 0.717254638671875 480 187 517 304
person 0.7899243831634521 511 186 548 302
person 0.950303316116333 428 181 474 319
person 0.9545309543609619 378 180 427 320
person 0.9677650928497314 95 170 162 315
person 0.9680635929107666 292 184 361 357
person 0.9786525368690491 581 183 629 301
person 0.9849509000778198 198 183 255 352
