person 0.15209805965423584 500 61 547 136
person 0.16924139857292175 24 24 619 126
person 0.1976955235004425 53 7 148 135
person 0.25574660301208496 1 8 29 156
person 0.29773199558258057 12 22 46 124
person 0.29974156618118286 361 40 398 107
person 0.3411812484264374 490 53 529 147
person 0.4097086489200592 588 56 625 144
person 0.4980182349681854 605 50 636 148
person 0.6269865036010742 253 15 297 105
person 0.8631103038787842 201 14 252 111
person 0.8759760856628418 287 26 369 117
person 0.8863662481307983 449 27 501 128
person 0.920386791229248 65 22 117 115
person 0.9331097602844238 103 30 205 101
