person 0.2832678258419037 83 171 93 191
person 0.2841587960720062 75 169 85 191
person 0.3121187686920166 371 181 379 195
person 0.320263534784317 126 165 134 184
person 0.3207933306694031 152 165 158 184
person 0.32589226961135864 139 165 145 184
person 0.3765563368797302 73 162 83 183
person 0.381735235452652 545 220 570 268
person 0.5622697472572327 119 293 204 419
person 0.7898352146148682 33 305 135 382
person 0.7953039407730103 449 283 504 362
person 0.8424544930458069 354 198 391 279
person 0.8840885162353516 308 186 357 303
person 0.9070789813995361 4 197 40 285
person 0.9256535768508911 327 254 388 375
person 0.9313755631446838 436 186 489 295
person 0.9375791549682617 511 214 556 316
person 0.9887514114379883 207 189 268 322
person 0.9906067848205566 151 177 211 298
person 0.9927036166191101 253 174 314 324
