person 0.16883766651153564 295 77 436 480
person 0.20445764064788818 228 271 334 465
person 0.2050754725933075 328 49 353 94
person 0.21459662914276123 213 65 293 200
person 0.27522391080856323 190 207 347 480
person 0.44484013319015503 251 73 377 480
person 0.4834443926811218 216 90 308 308
person 0.4838627278804779 515 46 593 310
person 0.5121839046478271 115 79 215 278
person 0.5537802577018738 450 43 504 166
person 0.5850191712379456 60 199 209 480
person 0.5913329720497131 37 95 166 350
person 0.6393211483955383 171 24 257 231
person 0.6892898082733154 4 36 81 230
person 0.8054395914077759 300 53 352 144
person 0.8474723100662231 556 76 640 477
person 0.9029390215873718 380 86 519 480
person 0.9105587005615234 347 57 402 156
