person 0.19872310757637024 39 135 614 205
person 0.2622928321361542 387 123 413 152
person 0.27028197050094604 127 169 184 196
person 0.31828102469444275 453 130 494 190
person 0.3279056251049042 417 138 449 179
person 0.3675704002380371 496 134 529 189
person 0.42760640382766724 103 166 131 200
person 0.45598703622817993 55 122 120 282
person 0.48503753542900085 189 161 218 199
person 0.5554661750793457 524 137 567 196
person 0.5577033758163452 34 149 78 293
person 0.7638053297996521 620 145 639 200
person 0.8244063258171082 1 127 60 291
person 0.8698280453681946 581 143 624 201
person 0.9258782863616943 68 122 114 213
person 0.976795494556427 262 51 467 364
