person 0.16521626710891724 269 132 281 163
person 0.21298065781593323 258 141 273 165
person 0.2246847152709961 181 93 193 120
person 0.22599104046821594 74 98 84 120
person 0.23222866654396057 38 83 49 111
person 0.23404932022094727 280 122 292 145
person 0.2406284511089325 206 126 217 161
person 0.278145432472229 281 124 299 163
person 0.28277844190597534 199 124 214 160
person 0.28511080145835876 259 124 272 146
person 0.3069594204425812 171 128 184 161
person 0.35718995332717896 282 141 293 166
person 0.3818577826023102 183 133 196 162
person 0.4084832966327667 319 159 440 303
person 0.44517698884010315 256 127 276 163
person 0.4565074145793915 292 131 304 164
person 0.48517540097236633 218 131 232 161
person 0.6817141175270081 145 139 162 160
person 0.8479417562484741 410 182 514 318
person 0.9909230470657349 519 139 628 275
