person 0.1519787609577179 476 158 487 184
person 0.15286701917648315 202 123 209 144
person 0.15377306938171387 131 171 144 193
person 0.1553371548652649 569 170 577 187
person 0.1660057008266449 470 157 485 190
person 0.1672130525112152 474 161 490 198
person 0.1697917878627777 493 175 503 193
person 0.17209529876708984 270 130 279 141
person 0.1754002869129181 207 122 214 141
person 0.19604304432868958 158 173 171 188
person 0.19848254323005676 532 171 545 192
person 0.20201054215431213 110 173 123 197
person 0.21575453877449036 191 133 200 165
person 0.4346618056297302 471 168 481 194
person 0.5998157262802124 195 134 205 162
person 0.6173107624053955 533 156 551 191
