person 0.16206997632980347 509 300 517 330
person 0.16217699646949768 463 302 482 358
person 0.16442298889160156 467 295 476 313
person 0.19680094718933105 481 288 490 301
person 0.21741652488708496 494 289 500 303
person 0.2509390115737915 495 292 503 320
person 0.27050846815109253 469 288 477 304
person 0.4709312617778778 506 294 514 323
person 0.5096718668937683 203 299 226 334
person 0.7964250445365906 402 367 507 478
person 0.799883246421814 443 299 464 358
person 0.8126811981201172 219 296 242 334
person 0.8455650210380554 470 298 498 359
person 0.958580732345581 255 318 307 474
