person 0.26657193899154663 27 106 96 227
person 0.291293740272522 1 2 364 192
person 0.3684726357460022 184 47 233 125
person 0.39516136050224304 168 53 228 166
person 0.3969692885875702 51 32 102 109
person 0.41567736864089966 212 13 269 57
person 0.4341447353363037 11 42 48 117
person 0.45816701650619507 266 13 306 85
person 0.5403234362602234 84 3 124 65
person 0.576759934425354 166 4 213 79
person 0.5838006734848022 225 46 274 122
person 0.588958203792572 275 53 319 149
person 0.613595724105835 309 18 342 80
person 0.7291711568832397 215 98 281 235
person 0.8706648945808411 124 48 192 158
person 0.9056147933006287 278 113 355 245
person 0.9290400743484497 101 37 149 126
person 0.9385974407196045 4 81 72 235
person 0.94512939453125 313 40 375 141
person 0.9819017648696899 39 125 262 401
