person 0.15511348843574524 62 154 143 289
person 0.1754361093044281 86 90 547 325
person 0.2769400477409363 312 175 354 324
person 0.41592273116111755 0 193 33 306
person 0.6725764274597168 326 92 403 226
person 0.7283433675765991 69 148 116 252
person 0.748289942741394 406 194 457 311
person 0.8347815871238708 611 108 638 303
person 0.8349714279174805 245 169 303 312
person 0.8441253900527954 474 178 522 318
person 0.874946653842926 283 175 346 337
person 0.8904373645782471 160 84 241 264
person 0.8944699764251709 262 110 315 202
person 0.929424524307251 336 188 409 352
person 0.9526058435440063 467 117 546 292
person 0.9711909294128418 14 180 97 332
person 0.9834444522857666 173 188 259 331
person 0.9872192144393921 552 100 622 311
