person 0.1672247052192688 456 221 460 232
person 0.17244550585746765 431 191 435 213
person 0.19390064477920532 383 207 387 228
person 0.19472116231918335 62 204 69 234
person 0.20353808999061584 72 207 78 230
person 0.24043390154838562 87 207 93 231
person 0.31134939193725586 440 216 446 232
person 0.3220255374908447 253 295 317 519
person 0.3312780261039734 417 211 422 225
person 0.5885252356529236 407 222 412 238
person 0.6956535577774048 384 219 389 237
person 0.9917953014373779 70 198 312 566
