person 0.5359336137771606 27 132 131 304
person 0.540727436542511 445 206 520 352
person 0.5426362752914429 143 390 276 550
person 0.6014155745506287 394 220 464 411
person 0.7282173037528992 494 135 611 455
person 0.7570513486862183 255 119 306 219
person 0.7586485147476196 232 43 329 170
person 0.7607393860816956 360 128 454 268
person 0.7684986591339111 106 264 215 509
person 0.7711727619171143 89 10 196 183
person 0.79896080493927 304 29 407 175
person 0.8294519186019897 300 375 426 559
person 0.8460874557495117 185 235 273 496
person 0.8590145707130432 21 243 134 531
person 0.8633749485015869 164 9 245 196
person 0.8803508281707764 437 116 520 280
person 0.8863996267318726 101 131 211 276
person 0.8885201215744019 282 217 421 534
person 0.8964210152626038 196 137 280 271
person 0.9568618535995483 523 377 640 552
