person 0.18856248259544373 485 8 583 44
person 0.20412802696228027 0 12 640 209
person 0.20800048112869263 399 117 509 269
person 0.21508193016052246 301 55 401 182
person 0.2756781578063965 560 68 631 137
person 0.35113173723220825 448 114 549 277
person 0.42825108766555786 41 0 123 187
person 0.4780936539173126 439 110 530 179
person 0.47947219014167786 384 19 470 78
person 0.4811588525772095 549 59 640 186
person 0.5450757741928101 282 15 375 85
person 0.6055226922035217 332 54 391 146
person 0.6171117424964905 461 21 546 86
person 0.7047744989395142 493 56 553 148
person 0.8627544641494751 310 105 383 177
person 0.883994460105896 379 59 476 181
person 0.8915687799453735 230 43 332 168
person 0.9031285643577576 435 230 634 504
person 0.904877245426178 0 25 63 207
person 0.9897950887680054 14 60 291 489
