person 0.1808691918849945 569 177 597 255
person 0.18198928236961365 20 171 34 194
person 0.21532616019248962 207 181 223 210
person 0.23408490419387817 586 174 615 258
person 0.24524861574172974 605 175 637 216
person 0.252133846282959 573 170 601 217
person 0.3118594288825989 541 180 572 249
person 0.31603214144706726 459 190 490 245
person 0.3332015573978424 178 177 200 209
person 0.3670158386230469 26 179 56 212
person 0.4069172143936157 2 174 30 213
person 0.461149126291275 469 170 499 216
person 0.5073723196983337 534 167 563 218
person 0.5154423713684082 492 164 530 227
person 0.5881468057632446 81 166 455 233
person 0.6399154663085938 52 171 82 215
person 0.6435528993606567 100 183 150 220
person 0.6656257510185242 410 178 460 216
person 0.6887385845184326 147 179 178 215
person 0.7841821908950806 209 91 319 303
