person 0.1675896942615509 389 322 428 441
person 0.21615242958068848 354 332 367 353
person 0.2414741814136505 254 321 311 540
person 0.2635836601257324 263 335 291 391
person 0.3054138123989105 416 326 438 378
person 0.3609614372253418 380 333 432 518
person 0.38355666399002075 575 324 602 359
person 0.5217976570129395 589 323 621 442
person 0.6676763892173767 517 308 554 453
person 0.7141209244728088 440 330 471 417
person 0.8217942118644714 172 312 284 592
person 0.8497774004936218 599 319 636 559
person 0.9047445058822632 530 338 591 519
person 0.9620974063873291 120 336 146 388
person 0.9777334928512573 343 323 416 527
person 0.9787139892578125 284 335 366 526
person 0.982989490032196 464 315 530 517
