person 0.15094783902168274 624 231 636 282
person 0.1626545488834381 580 248 590 268
person 0.214390367269516 507 233 513 254
person 0.3367162346839905 516 231 525 262
person 0.3439415693283081 408 236 413 253
person 0.37313055992126465 515 230 529 278
person 0.4430188834667206 494 236 501 255
person 0.483583003282547 546 231 566 287
person 0.5108534097671509 616 232 634 284
person 0.5452006459236145 387 235 393 254
person 0.5468184351921082 458 235 462 249
person 0.6267607808113098 434 236 438 250
person 0.6357372999191284 474 237 478 251
person 0.6583061218261719 394 235 399 254
person 0.6632731556892395 445 236 449 250
person 0.6733603477478027 422 236 427 252
person 0.7585535049438477 481 238 486 253
person 0.8753600716590881 522 229 546 287
