person 0.17186087369918823 62 139 93 260
person 0.20425206422805786 513 121 525 148
person 0.23810574412345886 509 121 520 150
person 0.27534252405166626 481 122 490 151
person 0.3010716438293457 406 95 500 263
person 0.6230419278144836 488 121 508 156
person 0.6825027465820312 410 118 505 399
person 0.7411015033721924 225 105 376 438
person 0.8786013126373291 508 126 549 240
person 0.9215977787971497 50 137 82 268
person 0.9590648412704468 324 101 439 449
person 0.9928896427154541 421 0 610 480
person 0.9930005669593811 77 15 271 480
