person 0.2858986258506775 494 193 500 207
person 0.3037465214729309 224 177 232 201
person 0.3076344430446625 310 193 316 205
person 0.31733763217926025 148 181 157 208
person 0.3354063034057617 296 191 302 203
person 0.3408117890357971 384 195 394 218
person 0.3864268362522125 447 195 457 221
person 0.39872071146965027 453 195 462 219
person 0.4285575747489929 457 191 463 213
person 0.4532189965248108 286 191 293 202
person 0.45877134799957275 200 187 207 205
person 0.4604678153991699 518 190 526 208
person 0.5081121325492859 589 188 609 226
person 0.5781380534172058 482 190 488 207
person 0.6063068509101868 333 192 341 212
person 0.7042851448059082 383 193 391 209
person 0.7512732744216919 471 191 477 210
person 0.8415408134460449 320 191 327 211
person 0.8673512935638428 20 180 44 242
person 0.9039695262908936 114 185 137 243
