person 0.26442670822143555 302 337 309 363
person 0.28778499364852905 529 332 536 348
person 0.2906128764152527 446 334 453 353
person 0.29224514961242676 506 333 515 353
person 0.3132055699825287 225 335 233 356
person 0.39838019013404846 125 331 140 362
person 0.40701407194137573 307 337 315 364
person 0.42387843132019043 212 335 218 355
person 0.5281350612640381 81 320 104 367
person 0.5717666745185852 298 330 306 362
person 0.6718451976776123 184 334 192 355
person 0.6817526817321777 518 331 527 351
person 0.7011067271232605 285 334 293 358
person 0.7278634309768677 262 334 270 359
person 0.7772222757339478 233 333 243 360
person 0.7774662971496582 16 334 35 368
person 0.803362250328064 492 334 507 357
person 0.8337095975875854 270 333 277 358
person 0.8632911443710327 248 334 256 360
person 0.9782141447067261 393 316 435 413
