person 0.15406104922294617 543 256 551 273
person 0.1597420871257782 19 338 588 547
person 0.22316426038742065 540 303 579 378
person 0.26398003101348877 234 369 572 591
person 0.29478007555007935 552 250 557 262
person 0.3390824794769287 116 302 153 379
person 0.34928885102272034 555 304 585 364
person 0.38949310779571533 570 260 580 276
person 0.4079974889755249 495 306 509 334
person 0.6960296034812927 539 261 549 295
person 0.7506527900695801 517 260 526 274
person 0.9156707525253296 47 185 111 400
