person 0.15685617923736572 327 193 355 233
person 0.16664764285087585 64 129 156 255
person 0.16761237382888794 324 173 419 393
person 0.18957290053367615 84 131 131 236
person 0.2403196096420288 111 154 156 258
person 0.2997877895832062 128 161 174 251
person 0.5097536444664001 308 175 402 304
person 0.5374034643173218 70 150 179 317
person 0.6885499358177185 25 119 180 440
person 0.7176539301872253 0 141 78 430
person 0.7983468174934387 324 129 473 488
person 0.9193699359893799 150 174 240 298
