person 0.16188141703605652 629 192 638 219
person 0.1762847900390625 2 191 58 412
person 0.22084349393844604 410 172 501 272
person 0.23104286193847656 266 194 365 335
person 0.24547845125198364 389 143 522 313
person 0.33934277296066284 1 271 40 424
person 0.39463603496551514 609 192 637 223
person 0.4319787621498108 299 153 416 305
person 0.5951858758926392 58 312 179 406
person 0.6485689878463745 359 164 406 239
person 0.8211901187896729 158 289 268 425
person 0.9199479818344116 150 126 258 325
