person 0.2691567838191986 629 351 635 368
person 0.2767389714717865 595 353 600 367
person 0.28171393275260925 121 371 134 388
person 0.32518714666366577 118 372 140 413
person 0.32941728830337524 131 372 155 413
person 0.4056975841522217 619 352 625 367
person 0.40856438875198364 10 340 622 430
person 0.4155801236629486 492 378 528 475
person 0.42048048973083496 10 347 28 414
person 0.4255334734916687 92 374 114 412
person 0.45555856823921204 627 386 639 476
person 0.4995395541191101 70 364 91 404
person 0.5597904324531555 32 362 50 420
person 0.5756964087486267 0 346 11 394
person 0.7963616847991943 319 368 361 437
person 0.90944504737854 524 368 578 475
person 0.9403694868087769 449 374 507 479
person 0.9553355574607849 211 331 262 463
person 0.9603534936904907 263 347 303 459
person 0.9881628751754761 402 348 444 480
