person 0.16678163409233093 336 132 345 142
person 0.1763823926448822 307 186 318 204
person 0.19545865058898926 318 185 330 201
person 0.2086913287639618 122 200 137 221
person 0.21918559074401855 295 186 307 204
person 0.22972655296325684 394 138 406 148
person 0.24230417609214783 195 194 209 213
person 0.25511518120765686 269 188 284 208
person 0.25820091366767883 79 147 90 171
person 0.27868762612342834 404 135 414 149
person 0.2867612838745117 193 141 204 158
person 0.29457926750183105 395 130 405 140
person 0.31255263090133667 144 194 160 218
person 0.355755090713501 344 132 354 141
person 0.37570688128471375 381 139 392 148
person 0.3845275938510895 577 121 589 140
person 0.40535640716552734 371 138 380 148
person 0.5085150599479675 109 150 124 164
person 0.6760402917861938 189 145 201 163
person 0.7559422254562378 82 150 96 170
