person 0.42944473028182983 581 101 640 301
person 0.45864444971084595 216 82 265 167
person 0.4676626920700073 412 54 455 199
person 0.4941582679748535 586 91 634 209
person 0.5183117985725403 445 147 521 312
person 0.5431243181228638 484 232 623 426
person 0.5927923917770386 131 267 281 418
person 0.5935581922531128 49 31 579 285
person 0.6231197118759155 312 180 398 264
person 0.6532592177391052 84 123 130 235
person 0.66790771484375 108 124 201 277
person 0.6720359921455383 0 135 66 283
person 0.693288266658783 336 309 434 419
person 0.7858977317810059 309 195 402 364
person 0.7895971536636353 56 224 155 428
person 0.8650779128074646 511 103 566 200
person 0.9383540153503418 267 44 333 227
person 0.9570510387420654 210 168 299 338
person 0.9672210216522217 0 280 71 423
person 0.9708648324012756 245 272 336 424
