person 0.16145169734954834 256 495 286 529
person 0.16958469152450562 298 519 337 590
person 0.18353620171546936 34 535 72 624
person 0.2381390631198883 279 517 324 590
person 0.24625274538993835 193 486 221 532
person 0.24738150835037231 48 350 93 452
person 0.2750389873981476 101 432 139 528
person 0.36332041025161743 7 347 46 417
person 0.6265064477920532 169 453 215 517
person 0.6298718452453613 212 469 254 536
person 0.7431439161300659 33 296 116 460
person 0.7812544107437134 328 556 375 633
person 0.8376590609550476 226 167 372 280
