person 0.2044752538204193 337 47 367 101
person 0.21423125267028809 9 79 42 115
person 0.22196057438850403 163 145 219 179
person 0.24593961238861084 431 64 463 115
person 0.24714374542236328 76 49 102 94
person 0.27028244733810425 592 51 630 114
person 0.27370452880859375 436 142 467 176
person 0.2839503884315491 320 140 380 176
person 0.29474717378616333 40 44 71 105
person 0.3035232722759247 309 46 343 97
person 0.3076436519622803 363 52 393 100
person 0.34600210189819336 121 152 155 185
person 0.36754682660102844 593 85 626 116
person 0.38480010628700256 67 143 124 180
person 0.4047890305519104 38 6 607 178
person 0.4068273603916168 363 121 417 154
person 0.41679996252059937 100 47 131 94
person 0.44669926166534424 558 79 590 114
person 0.4485313296318054 382 66 417 108
person 0.9535454511642456 173 170 263 379
