person 0.4095972180366516 426 359 451 405
person 0.4208650588989258 72 385 79 404
person 0.4262605309486389 350 365 355 378
person 0.44916725158691406 285 373 291 383
person 0.4590109884738922 296 371 302 383
person 0.4851818382740021 36 378 44 390
person 0.4957391321659088 103 403 125 435
person 0.5267018675804138 322 362 328 376
person 0.5644559860229492 152 369 181 420
person 0.5781283378601074 345 371 351 385
person 0.6070630550384521 482 383 498 424
person 0.6136041879653931 360 366 364 375
person 0.7158932685852051 335 371 341 386
person 0.7354936599731445 220 383 254 425
person 0.770052433013916 372 398 395 422
person 0.8118764162063599 0 343 640 413
person 0.8409444093704224 462 396 493 468
person 0.8827340602874756 400 388 428 423
person 0.9344260096549988 562 346 597 446
person 0.9386523962020874 593 350 627 448
