person 0.16905611753463745 22 188 45 219
person 0.24150004982948303 251 169 263 194
person 0.26562684774398804 207 162 219 177
person 0.3052348494529724 267 173 278 189
person 0.35741299390792847 96 160 111 185
person 0.4077635109424591 180 168 192 191
person 0.43488064408302307 552 188 568 198
person 0.46176669001579285 500 181 512 199
person 0.49210840463638306 26 188 39 208
person 0.5091805458068848 41 139 591 207
person 0.516732394695282 550 158 561 172
person 0.6183415651321411 457 161 465 173
person 0.6221284866333008 420 177 434 193
person 0.7124627828598022 496 180 508 201
person 0.871518611907959 257 171 269 194
person 0.8732285499572754 370 166 398 204
person 0.8907588124275208 143 166 162 192
person 0.8951867818832397 171 167 188 192
