person 0.1603063941001892 160 529 186 588
person 0.19019952416419983 106 474 116 495
person 0.19674378633499146 117 477 128 494
person 0.24024546146392822 343 585 362 636
person 0.24152624607086182 425 482 435 505
person 0.28739434480667114 100 541 116 559
person 0.2889312207698822 44 485 52 503
person 0.2940909266471863 104 462 111 484
person 0.3336770832538605 20 489 29 503
person 0.3731500208377838 67 477 76 498
person 0.38090652227401733 93 542 123 601
person 0.38206204771995544 47 479 55 499
person 0.44501352310180664 98 460 105 481
person 0.5055441856384277 150 527 172 562
person 0.525970995426178 33 487 42 504
person 0.6409919261932373 56 478 65 499
person 0.7148159742355347 10 546 39 617
person 0.831512987613678 249 513 275 560
person 0.8639074563980103 172 521 199 579
person 0.9250088930130005 317 582 352 635
