person 0.152767151594162 594 126 623 168
person 0.1653558313846588 387 137 472 253
person 0.21095991134643555 265 156 382 332
person 0.22497889399528503 453 118 494 186
person 0.23196306824684143 615 119 637 290
person 0.6973963379859924 444 123 498 239
person 0.7468679547309875 386 129 436 225
person 0.801918625831604 230 89 410 372
person 0.8474060297012329 339 120 381 228
person 0.9142624735832214 499 129 552 236
person 0.9230760335922241 0 0 231 422
person 0.9287790060043335 554 134 601 232
