person 0.15477636456489563 478 173 491 210
person 0.1557168960571289 411 164 422 204
person 0.1573747992515564 346 164 356 183
person 0.21547168493270874 280 156 304 237
person 0.2760370969772339 344 163 359 195
person 0.2901427447795868 171 148 195 209
person 0.3069283962249756 225 164 245 205
person 0.30910444259643555 403 162 417 207
person 0.44465410709381104 467 170 479 210
person 0.476461797952652 461 167 476 218
person 0.6443182826042175 178 153 197 195
person 0.7016047239303589 423 167 437 210
person 0.7071399688720703 161 153 193 240
person 0.7843625545501709 265 154 295 240
person 0.843255877494812 361 173 382 246
person 0.8671734929084778 448 163 465 219
person 0.9201163053512573 306 160 337 243
person 0.981537938117981 77 148 118 233
