person 0.17005282640457153 575 90 594 137
person 0.1761089563369751 8 117 51 184
person 0.19613707065582275 577 93 589 115
person 0.2202831506729126 588 83 599 103
person 0.22475948929786682 51 99 78 136
person 0.2837780714035034 624 85 639 142
person 0.28603804111480713 542 96 558 116
person 0.3020218014717102 536 95 567 140
person 0.3227255344390869 584 84 604 129
person 0.4328819513320923 463 93 484 147
person 0.45683181285858154 484 94 508 139
person 0.4776599109172821 45 100 83 181
person 0.6167636513710022 310 98 363 171
person 0.8516638278961182 611 82 633 143
person 0.8747619986534119 66 96 106 183
person 0.9020178318023682 450 98 475 154
person 0.9267997741699219 427 97 453 154
