person 0.15696746110916138 8 220 57 262
person 0.16659721732139587 121 184 151 227
person 0.1924719214439392 329 61 364 105
person 0.20260465145111084 405 172 425 211
person 0.21483853459358215 154 253 215 291
person 0.21688321232795715 175 382 239 419
person 0.2278864085674286 386 199 418 255
person 0.2480033040046692 0 261 31 323
person 0.2915821969509125 379 216 418 293
person 0.31218233704566956 304 65 332 100
person 0.33301985263824463 10 92 43 167
person 0.44553235173225403 44 149 92 189
person 0.5309702157974243 20 349 88 410
person 0.643069863319397 2 319 49 401
person 0.6680504083633423 41 319 99 407
person 0.6689348220825195 369 283 411 369
person 0.7006829977035522 0 101 427 420
person 0.7172833681106567 89 345 149 425
person 0.7728690505027771 94 311 148 388
person 0.8670814037322998 184 212 422 500
