person 0.18799510598182678 312 228 356 351
person 0.23564863204956055 432 146 516 358
person 0.41376063227653503 265 120 316 227
person 0.4495418667793274 620 233 640 367
person 0.6491147875785828 272 208 351 352
person 0.6836058497428894 0 232 8 287
person 0.6939994692802429 312 118 367 224
person 0.7204038500785828 426 115 515 253
person 0.7851203083992004 344 212 380 350
person 0.790988564491272 425 205 470 350
person 0.8494664430618286 198 217 252 363
person 0.8517690896987915 482 210 526 357
person 0.8538329005241394 584 229 600 265
person 0.8592406511306763 573 227 590 266
person 0.8730385303497314 243 209 293 349
person 0.9207126498222351 47 227 86 355
person 0.9265379905700684 148 211 201 358
person 0.9564820528030396 80 219 123 344
person 0.969149649143219 369 212 431 369
