person 0.18055713176727295 527 267 534 282
person 0.1915695071220398 457 267 464 279
person 0.19394952058792114 422 255 428 267
person 0.22862139344215393 344 286 353 301
person 0.2507462799549103 36 281 44 297
person 0.3044751286506653 405 266 413 282
person 0.3134937286376953 385 254 391 262
person 0.3212149739265442 422 263 429 278
person 0.32633304595947266 399 265 406 279
person 0.39086756110191345 403 272 412 291
person 0.39782631397247314 140 285 148 307
person 0.41533124446868896 138 277 147 297
person 0.4213862419128418 361 272 370 290
person 0.43427902460098267 367 272 376 288
person 0.4844219982624054 398 274 409 291
person 0.5355173349380493 361 267 368 283
person 0.7223230600357056 38 281 46 305
person 0.7793607711791992 485 262 494 280
person 0.8962928056716919 519 267 533 283
person 0.948391318321228 552 264 561 283
