person 0.15874969959259033 454 312 500 389
person 0.1627100706100464 211 261 239 337
person 0.16447044909000397 287 278 334 315
person 0.19008368253707886 172 266 209 348
person 0.23350414633750916 539 253 563 288
person 0.24137070775032043 153 247 178 303
person 0.242204487323761 277 319 325 386
person 0.24469920992851257 10 314 53 427
person 0.24696087837219238 554 267 584 320
person 0.25072982907295227 0 225 640 380
person 0.25979745388031006 87 210 635 323
person 0.2599424421787262 329 302 373 359
person 0.28477510809898376 480 304 527 398
person 0.35461291670799255 582 256 610 289
person 0.37465935945510864 426 288 469 354
person 0.5757911205291748 108 218 145 283
person 0.6081646084785461 375 294 416 361
person 0.6784443855285645 405 330 454 419
person 0.776174783706665 236 267 284 382
person 0.7817666530609131 179 265 221 390
