person 0.18928778171539307 210 204 225 251
person 0.1907922923564911 531 199 538 212
person 0.20693594217300415 454 206 464 230
person 0.21913275122642517 48 218 63 267
person 0.22251948714256287 281 187 289 207
person 0.22319558262825012 61 217 75 266
person 0.23231568932533264 271 196 280 218
person 0.23259612917900085 272 188 281 207
person 0.2355240285396576 419 190 427 204
person 0.24359354376792908 255 196 272 247
person 0.2513660788536072 443 207 453 230
person 0.28382229804992676 33 217 50 269
person 0.2889385223388672 481 199 490 220
person 0.29924440383911133 216 205 236 251
person 0.31490370631217957 98 219 115 262
person 0.4325219988822937 468 206 478 231
person 0.5135772228240967 482 203 492 230
person 0.8950720429420471 182 262 275 350
person 0.9435862898826599 277 193 373 327
person 0.9697562456130981 89 217 170 354
