person 0.17000427842140198 144 157 186 246
person 0.17465901374816895 208 165 243 221
person 0.18359822034835815 274 184 302 230
person 0.20767676830291748 298 178 329 333
person 0.29859116673469543 201 165 233 282
person 0.4103434085845947 312 150 412 406
person 0.5061826705932617 385 178 416 240
person 0.5807885527610779 274 180 327 365
person 0.5868575572967529 183 187 296 380
person 0.7846454381942749 134 151 192 358
person 0.9677309989929199 44 175 114 366
person 0.970810055732727 94 180 171 374
person 0.9964296817779541 344 80 610 418
