person 0.17041108012199402 200 316 210 330
person 0.17065203189849854 119 316 130 339
person 0.19301429390907288 185 323 211 373
person 0.39810943603515625 168 320 192 380
person 0.4108925759792328 11 322 31 381
person 0.42244952917099 249 324 286 487
person 0.42745620012283325 67 320 94 356
person 0.4586772620677948 40 320 66 400
person 0.7623618841171265 153 321 183 396
person 0.9510108828544617 56 302 160 577
person 0.9768708944320679 169 322 281 586
person 0.9876099824905396 274 328 374 570
