person 0.17450979351997375 413 187 436 226
person 0.1781432032585144 198 186 205 203
person 0.18671870231628418 431 191 441 220
person 0.19850659370422363 66 188 76 219
person 0.20434707403182983 183 183 192 206
person 0.21760818362236023 480 263 512 321
person 0.22566014528274536 176 184 188 210
person 0.2470800280570984 381 186 398 210
person 0.27762842178344727 136 188 142 199
person 0.3153109550476074 473 249 502 427
person 0.46335262060165405 47 188 60 225
person 0.4836069643497467 444 192 456 226
person 0.5706356763839722 454 192 464 227
person 0.7626638412475586 465 190 484 244
