person 0.200018048286438 269 204 272 215
person 0.22764134407043457 156 203 162 216
person 0.28023862838745117 133 206 141 216
person 0.2808493375778198 165 202 172 219
person 0.30015718936920166 115 199 128 237
person 0.3010913133621216 266 202 270 215
person 0.3132026791572571 174 202 179 218
person 0.3428601920604706 126 216 135 240
person 0.3524610102176666 285 201 289 214
person 0.37663131952285767 186 199 193 221
person 0.3936690092086792 114 193 123 213
person 0.3971441984176636 345 205 350 216
person 0.4911835789680481 238 201 246 219
person 0.519326388835907 215 200 222 217
person 0.5310622453689575 220 201 227 218
person 0.5443261861801147 238 202 248 234
person 0.64271080493927 288 201 292 214
person 0.6514474153518677 76 212 83 227
person 0.691870927810669 455 200 461 215
person 0.8567922711372375 391 213 399 230
