person 0.15985998511314392 357 132 364 156
person 0.16266721487045288 41 114 46 125
person 0.163509339094162 11 95 489 174
person 0.17225706577301025 155 123 159 133
person 0.20659473538398743 89 125 93 132
person 0.21642246842384338 134 125 143 146
person 0.2756846249103546 59 123 64 132
person 0.2797660827636719 176 125 182 142
person 0.28039294481277466 127 123 134 134
person 0.3410191237926483 342 180 356 222
person 0.37398573756217957 32 121 37 134
person 0.4036916494369507 48 122 53 133
person 0.4586150050163269 107 125 112 133
person 0.4819970726966858 79 123 84 132
person 0.49432918429374695 204 96 222 143
person 0.551101803779602 98 125 103 133
person 0.6551520824432373 69 120 74 133
person 0.7039306163787842 40 117 46 133
