person 0.15584143996238708 112 318 118 333
person 0.17063042521476746 156 342 161 350
person 0.17211100459098816 389 310 394 324
person 0.18534472584724426 171 338 176 346
person 0.1937830150127411 146 320 152 329
person 0.2595990300178528 443 317 446 327
person 0.27385276556015015 243 323 247 330
person 0.3540263772010803 360 342 364 352
person 0.40519213676452637 92 347 99 358
person 0.44534316658973694 418 321 422 332
person 0.5145161151885986 270 354 275 363
person 0.5841562747955322 110 368 121 383
person 0.6510109305381775 113 367 126 383
person 0.6800571084022522 181 337 187 346
person 0.7721337080001831 363 342 367 351
