person 0.17496132850646973 571 250 593 313
person 0.1790895164012909 211 232 218 247
person 0.18398872017860413 406 241 415 265
person 0.1895987093448639 394 243 404 265
person 0.19611772894859314 51 221 62 244
person 0.19983816146850586 198 233 205 247
person 0.24011972546577454 273 237 279 250
person 0.245661199092865 26 219 55 370
person 0.38727355003356934 307 240 320 270
person 0.5911526679992676 236 230 245 256
person 0.662864089012146 17 341 90 422
person 0.74256831407547 245 232 254 254
person 0.8110084533691406 351 239 370 290
person 0.874632716178894 434 246 458 309
person 0.888756513595581 414 251 436 307
person 0.9037479162216187 363 241 386 295
person 0.945387601852417 31 225 82 381
person 0.949816107749939 82 239 132 387
