person 0.16315340995788574 626 107 639 179
person 0.19884082674980164 203 107 248 183
person 0.24797233939170837 39 108 82 184
person 0.42551758885383606 532 116 640 283
person 0.4775342345237732 36 100 84 252
person 0.49365755915641785 0 91 25 311
person 0.53889399766922 511 113 584 273
person 0.5711778998374939 353 91 403 175
person 0.5719761252403259 190 112 230 187
person 0.6026800274848938 276 95 335 142
person 0.7161620259284973 327 116 481 343
person 0.9244253635406494 135 116 217 249
person 0.9546414613723755 33 120 250 383
