person 0.15362271666526794 140 29 164 68
person 0.15402927994728088 78 0 640 226
person 0.16005149483680725 75 18 567 112
person 0.17110824584960938 317 54 354 141
person 0.18488618731498718 535 74 632 374
person 0.20321795344352722 283 61 326 146
person 0.2091042697429657 189 46 216 94
person 0.21681740880012512 0 59 32 144
person 0.23274868726730347 54 76 171 169
person 0.24786809086799622 557 78 640 230
person 0.3573427200317383 381 34 419 109
person 0.48545041680336 534 28 626 121
person 0.5563309788703918 313 67 416 197
person 0.6223629713058472 384 90 487 230
person 0.6827250123023987 191 65 289 173
person 0.9307587146759033 13 69 100 149
person 0.9353703260421753 161 51 206 160
person 0.9742156267166138 13 156 295 428
person 0.9842673540115356 372 111 586 423
