person 0.3266133964061737 499 384 579 425
person 0.3421388864517212 252 265 354 391
person 0.34224873781204224 415 336 491 414
person 0.34328731894493103 0 393 43 422
person 0.34994086623191833 581 390 640 423
person 0.3807941675186157 434 392 515 423
person 0.419546514749527 23 266 111 335
person 0.5004116892814636 113 295 199 345
person 0.5403788089752197 90 379 178 417
person 0.5714216828346252 121 370 210 419
person 0.5773051381111145 450 275 504 378
person 0.600986897945404 562 369 638 419
person 0.626492440700531 36 346 131 410
person 0.7340483665466309 184 279 272 409
person 0.7611749768257141 272 324 362 412
person 0.7734507322311401 333 280 430 408
person 0.7966691255569458 208 376 273 418
person 0.8434152603149414 46 133 123 308
person 0.9302479028701782 0 125 69 286
person 0.9862091541290283 319 78 435 272
