person 0.16474565863609314 226 145 247 192
person 0.16548863053321838 0 145 12 224
person 0.17099586129188538 34 147 46 170
person 0.2316497266292572 32 197 88 431
person 0.25831711292266846 79 136 91 164
person 0.25900909304618835 253 150 272 192
person 0.2813297212123871 209 143 222 173
person 0.32732540369033813 243 146 264 193
person 0.38680532574653625 273 143 284 169
person 0.4680052399635315 291 144 305 175
person 0.5006881952285767 392 136 403 169
person 0.5186625123023987 220 143 240 183
person 0.5945197939872742 328 141 350 198
person 0.6095280051231384 352 144 368 180
person 0.6656142473220825 363 142 382 175
person 0.7328364849090576 393 47 523 351
person 0.9067200422286987 255 151 304 239
person 0.980484664440155 293 142 350 244
person 0.9929183125495911 512 107 597 287
person 0.9965122938156128 35 18 272 457
