person 0.19518402218818665 558 105 596 190
person 0.20027029514312744 39 66 79 178
person 0.2144758701324463 0 53 15 101
person 0.21671637892723083 96 74 161 111
person 0.224884033203125 77 42 103 89
person 0.2293534278869629 608 68 640 112
person 0.23213395476341248 525 83 566 190
person 0.2795460820198059 104 91 149 184
person 0.28441131114959717 423 65 473 111
person 0.2870476245880127 386 58 425 129
person 0.2893202304840088 88 49 124 107
person 0.30632874369621277 182 60 341 177
person 0.3204367756843567 151 64 182 110
person 0.32987073063850403 194 136 534 477
person 0.3612001836299896 33 69 86 109
person 0.3797169029712677 30 50 58 101
person 0.4062809944152832 71 48 95 105
person 0.42490577697753906 2 84 36 164
person 0.5167170166969299 56 31 596 190
person 0.5834418535232544 268 67 355 139
