person 0.16628199815750122 180 97 207 153
person 0.17116355895996094 198 107 218 150
person 0.18702062964439392 220 204 252 270
person 0.18712392449378967 77 246 89 267
person 0.22910332679748535 61 246 73 265
person 0.24422365427017212 197 152 226 201
person 0.2531503438949585 80 108 95 149
person 0.2626163959503174 42 167 54 192
person 0.27201682329177856 236 203 269 274
person 0.2827267646789551 86 106 100 150
person 0.3546196520328522 102 224 212 357
person 0.36227744817733765 41 233 49 258
person 0.41774848103523254 259 209 293 278
person 0.43038055300712585 30 232 45 271
person 0.64851975440979 57 191 219 406
