person 0.1509648561477661 51 91 119 254
person 0.21716925501823425 534 85 580 151
person 0.24268755316734314 301 4 344 69
person 0.33366653323173523 448 111 500 196
person 0.3786344528198242 507 387 587 420
person 0.5076244473457336 56 44 100 117
person 0.598629355430603 86 128 184 375
person 0.6257340908050537 206 97 256 135
person 0.626609206199646 0 131 77 375
person 0.687380313873291 499 2 569 49
person 0.7540348768234253 553 64 598 146
person 0.8872673511505127 384 0 427 142
person 0.893787682056427 351 0 395 141
person 0.9024521112442017 248 75 300 138
person 0.9141432046890259 264 147 370 392
person 0.9233235120773315 456 67 507 147
person 0.9381164312362671 397 145 498 401
