person 0.1542283296585083 403 154 424 201
person 0.16139480471611023 326 94 356 138
person 0.16679620742797852 38 86 98 126
person 0.16709932684898376 302 172 327 208
person 0.1724472939968109 340 169 370 211
person 0.19350653886795044 157 111 209 142
person 0.2142883837223053 226 195 256 244
person 0.2297734022140503 0 2 426 167
person 0.24587851762771606 0 107 30 145
person 0.2640492916107178 367 265 409 309
person 0.27185583114624023 333 242 368 281
person 0.3003508746623993 288 231 338 276
person 0.3052029311656952 334 206 368 249
person 0.33396077156066895 280 266 340 308
person 0.3496779203414917 389 235 416 287
person 0.35567507147789 203 268 232 307
person 0.42234814167022705 257 298 308 374
person 0.4869898855686188 0 43 426 309
person 0.7404173016548157 160 211 293 513
