person 0.1525244116783142 335 196 343 220
person 0.15620359778404236 135 217 150 261
person 0.2136986255645752 15 219 26 243
person 0.21990221738815308 23 219 32 243
person 0.2210102081298828 109 221 125 269
person 0.22890865802764893 95 223 111 267
person 0.23558703064918518 347 194 354 220
person 0.32231366634368896 357 192 366 220
person 0.3268354833126068 283 208 291 233
person 0.34115856885910034 10 221 29 290
person 0.35140588879585266 297 215 305 239
person 0.396610289812088 75 227 94 277
person 0.42176300287246704 147 219 163 260
person 0.46925193071365356 55 214 78 277
person 0.5133621096611023 318 210 333 246
person 0.6918507218360901 237 293 373 396
person 0.6936931014060974 30 217 55 291
person 0.7463335990905762 121 217 136 268
person 0.8639971017837524 425 171 482 393
person 0.9332180619239807 441 189 512 403
