person 0.15502187609672546 447 300 452 307
person 0.17442530393600464 111 289 120 298
person 0.20179864764213562 187 283 196 291
person 0.27970701456069946 381 287 386 295
person 0.2809906601905823 305 288 312 295
person 0.3355940282344818 270 289 277 296
person 0.33901315927505493 263 290 271 297
person 0.46689027547836304 303 288 309 295
person 0.6558383703231812 410 300 416 307
person 0.6820327639579773 511 377 531 433
person 0.8340878486633301 247 376 272 437
person 0.9085360765457153 534 377 553 430
person 0.9409271478652954 548 376 569 429
person 0.9678299427032471 486 383 511 429
