person 0.15697893500328064 504 252 510 268
person 0.159216970205307 388 226 392 236
person 0.22004348039627075 71 262 78 280
person 0.22215983271598816 220 228 225 238
person 0.22811052203178406 398 237 402 247
person 0.2866838872432709 337 219 341 228
person 0.3080421984195709 297 225 302 234
person 0.3895167112350464 198 231 202 243
person 0.3913165330886841 398 267 403 275
person 0.5189684629440308 397 231 401 242
person 0.8230581283569336 216 229 221 240
person 0.9070700407028198 37 263 45 278
person 0.9212814569473267 66 262 75 280
person 0.9742963314056396 369 309 426 443
