person 0.15629634261131287 51 341 59 364
person 0.15862834453582764 201 343 206 362
person 0.17097613215446472 174 335 179 355
person 0.17456957697868347 594 343 603 370
person 0.2245679497718811 578 344 588 371
person 0.2345477044582367 166 340 172 364
person 0.287415087223053 174 342 179 369
person 0.2940959334373474 185 354 191 372
person 0.3035653829574585 0 343 640 388
person 0.3127475082874298 185 341 191 369
person 0.32855451107025146 627 343 638 391
person 0.34086042642593384 177 352 183 375
person 0.3432653546333313 164 335 169 354
person 0.3464316725730896 494 346 512 392
person 0.35309118032455444 565 342 575 370
person 0.39153623580932617 533 347 540 363
person 0.45221057534217834 575 343 591 387
person 0.7040306329727173 555 343 571 386
person 0.712518572807312 592 344 606 387
