person 0.183566153049469 517 194 547 230
person 0.23441267013549805 335 63 341 80
person 0.26089590787887573 457 209 498 280
person 0.42713019251823425 485 198 524 268
person 0.4484075903892517 507 196 550 268
person 0.4487900733947754 587 210 631 281
person 0.44936323165893555 311 189 347 257
person 0.5193595886230469 273 196 310 259
person 0.5441151857376099 352 199 400 264
person 0.549609363079071 416 200 456 288
person 0.6064538359642029 557 199 597 270
person 0.9896185398101807 166 134 212 236
