person 0.1537705361843109 476 587 502 631
person 0.15875938534736633 18 524 24 548
person 0.16244211792945862 432 548 444 570
person 0.17061659693717957 65 536 70 552
person 0.17107674479484558 154 530 159 543
person 0.17380499839782715 44 529 50 551
person 0.17714017629623413 129 528 134 541
person 0.19862264394760132 33 526 39 550
person 0.21920573711395264 408 525 422 568
person 0.24158281087875366 207 536 213 558
person 0.3250730037689209 445 546 457 567
person 0.33230942487716675 55 528 62 550
person 0.35673579573631287 142 529 147 541
person 0.4146134555339813 180 536 186 555
person 0.5718145966529846 177 525 183 549
person 0.5766850709915161 168 524 174 543
person 0.6250804662704468 46 536 51 554
person 0.6347745060920715 55 536 60 555
person 0.6531996130943298 213 536 220 558
