person 0.20121178030967712 504 200 541 303
person 0.2209738790988922 578 220 627 320
person 0.2750415503978729 231 41 305 84
person 0.28847306966781616 0 33 20 85
person 0.355302095413208 492 213 528 299
person 0.3725506663322449 91 11 130 84
person 0.46775397658348083 569 201 640 351
person 0.48202046751976013 272 199 330 296
person 0.48332861065864563 290 112 358 164
person 0.5145184993743896 35 30 598 289
person 0.6055408120155334 509 11 597 69
person 0.7465390563011169 286 106 364 289
person 0.8421446681022644 451 201 495 297
person 0.8730506300926208 522 199 578 302
person 0.9369163513183594 105 134 178 301
person 0.9486638307571411 43 123 119 295
person 0.9571799039840698 0 127 60 281
person 0.9953227639198303 341 2 556 427
