person 0.1658448576927185 285 264 289 274
person 0.1694977581501007 483 241 488 252
person 0.17465820908546448 100 271 108 286
person 0.17905768752098083 275 262 279 271
person 0.18050158023834229 88 311 93 323
person 0.2524726390838623 63 290 68 303
person 0.2686805725097656 435 236 441 248
person 0.28462398052215576 42 294 48 310
person 0.2866256833076477 388 260 393 272
person 0.29222601652145386 29 287 35 301
person 0.30643773078918457 3 289 9 305
person 0.32818228006362915 394 260 399 274
person 0.3814200758934021 112 272 120 289
person 0.459849089384079 40 287 45 301
person 0.4714498519897461 100 320 107 333
person 0.4951387047767639 51 289 57 303
person 0.5077332258224487 74 300 81 318
person 0.5325503349304199 12 289 19 305
person 0.5444425940513611 63 296 69 315
person 0.7192975282669067 51 294 58 313
