person 0.16765043139457703 0 273 12 369
person 0.1735231578350067 103 259 519 325
person 0.18426451086997986 415 268 432 319
person 0.19411861896514893 1 269 10 297
person 0.20452958345413208 0 254 20 446
person 0.2140909731388092 78 250 106 396
person 0.21599504351615906 74 262 86 273
person 0.23039990663528442 146 270 162 313
person 0.2683330476284027 80 265 103 322
person 0.29583078622817993 15 267 24 279
person 0.41938215494155884 422 267 452 369
person 0.4824253022670746 155 266 173 306
person 0.6108307242393494 168 264 190 309
person 0.6475653052330017 465 267 481 307
person 0.7601568102836609 383 266 400 322
person 0.7898789644241333 241 256 266 353
person 0.8159721493721008 189 266 210 305
person 0.8524172902107239 96 254 136 393
person 0.9572384357452393 489 252 527 379
person 0.9872912168502808 3 247 82 457
