person 0.19921529293060303 568 67 602 138
person 0.22868311405181885 361 84 383 130
person 0.45784783363342285 0 77 640 168
person 0.47156667709350586 0 75 44 331
person 0.7030313611030579 25 43 144 261
person 0.7655953168869019 167 83 202 166
person 0.8246095180511475 121 53 164 196
person 0.8639658689498901 301 100 341 165
person 0.8988306522369385 263 78 304 164
person 0.919379472732544 473 68 524 216
person 0.9229312539100647 201 91 248 161
person 0.9592300653457642 559 110 633 276
person 0.9715209007263184 419 72 479 195
person 0.9925252199172974 511 77 581 268
