person 0.16151630878448486 37 199 74 299
person 0.16471534967422485 402 179 417 207
person 0.2123904526233673 396 182 412 203
person 0.2412610948085785 22 189 92 374
person 0.3700816035270691 398 179 421 232
person 0.514396607875824 174 185 200 319
person 0.6987071633338928 330 158 414 283
person 0.7500905990600586 185 139 327 425
person 0.8454846143722534 0 195 65 393
person 0.8853569030761719 448 170 482 273
person 0.9115980863571167 139 184 181 345
person 0.9142524003982544 464 160 558 427
person 0.9323885440826416 554 83 640 379
person 0.992079496383667 68 178 144 377
