person 0.18072578310966492 404 6 438 65
person 0.1908605992794037 287 15 316 57
person 0.25071465969085693 480 11 513 60
person 0.2862144112586975 6 36 51 79
person 0.2984887957572937 256 37 306 77
person 0.32380589842796326 323 14 357 61
person 0.33995628356933594 40 40 72 79
person 0.3448064923286438 26 18 611 140
person 0.3507245182991028 513 19 556 77
person 0.37214624881744385 549 128 593 196
person 0.4434135854244232 355 13 391 66
person 0.491886705160141 324 50 374 80
person 0.537523090839386 298 39 332 80
person 0.5791088342666626 462 38 501 80
person 0.5976358652114868 375 38 417 79
person 0.6151531934738159 14 0 615 86
person 0.6935977935791016 104 34 154 80
person 0.7131506204605103 496 36 546 81
person 0.8007296323776245 414 40 459 79
person 0.9111413955688477 189 133 328 288
