person 0.1891040802001953 404 139 496 265
person 0.19019144773483276 508 137 598 259
person 0.19650977849960327 406 145 457 244
person 0.20977163314819336 452 153 495 247
person 0.2597673833370209 202 154 280 217
person 0.3197612464427948 1 330 324 442
person 0.4157319962978363 47 151 125 301
person 0.4786425232887268 267 152 349 213
person 0.4886641502380371 61 145 109 254
person 0.824043333530426 338 147 392 253
person 0.8394342660903931 111 146 197 258
person 0.8889712691307068 282 142 337 250
person 0.9140276908874512 217 144 266 251
person 0.961840808391571 0 198 332 480
