person 0.6527628898620605 314 186 379 319
person 0.676870584487915 426 135 480 225
person 0.6862175464630127 393 44 469 177
person 0.8061478137969971 410 191 480 316
person 0.8087648153305054 461 41 534 170
person 0.8149925470352173 113 197 170 353
person 0.8544259667396545 37 66 116 182
person 0.8765788078308105 154 194 227 332
person 0.9028537273406982 531 119 606 280
person 0.9073872566223145 253 196 325 328
person 0.9088072776794434 36 125 122 286
person 0.9143083691596985 34 252 127 420
person 0.91808021068573 457 175 549 300
person 0.9274932146072388 101 296 211 427
person 0.9464339017868042 496 290 592 426
person 0.9670959115028381 282 289 371 428
person 0.9720135927200317 201 283 300 428
person 0.9752246141433716 427 279 521 428
person 0.9849032163619995 555 247 632 420
person 0.9925603866577148 353 286 443 425
