person 0.15141212940216064 159 94 175 134
person 0.1572207510471344 211 95 220 116
person 0.1610238254070282 105 129 111 153
person 0.16394102573394775 86 164 95 184
person 0.17965635657310486 211 104 220 123
person 0.2131316363811493 123 141 131 163
person 0.2185346782207489 29 201 37 219
person 0.22551804780960083 121 154 139 190
person 0.24545884132385254 99 129 105 154
person 0.25567886233329773 102 126 107 144
person 0.27210724353790283 51 141 56 153
person 0.2841028869152069 326 165 373 182
person 0.29961419105529785 104 124 111 145
person 0.368948757648468 38 152 46 173
person 0.37369000911712646 0 33 500 299
person 0.44456538558006287 90 131 97 155
