person 0.17501738667488098 371 118 402 172
person 0.17983826994895935 577 119 608 173
person 0.26067182421684265 375 110 402 143
person 0.31356626749038696 609 133 639 222
person 0.31843820214271545 442 115 487 172
person 0.49885788559913635 406 120 437 175
person 0.5210740566253662 480 126 536 173
person 0.53008633852005 311 137 357 173
person 0.5372150540351868 356 126 389 170
person 0.6170681118965149 28 13 625 180
person 0.7911713123321533 165 121 295 335
person 0.8066112399101257 20 63 60 152
person 0.8226544857025146 0 85 29 269
person 0.985511302947998 70 86 135 260
