person 0.16766461730003357 297 212 305 231
person 0.1729334592819214 253 207 260 227
person 0.17632192373275757 355 211 407 334
person 0.1798648238182068 116 193 123 207
person 0.18962141871452332 288 210 296 230
person 0.19576892256736755 174 205 180 214
person 0.2197379171848297 183 202 191 217
person 0.22181877493858337 335 219 344 243
person 0.22457903623580933 166 203 171 213
person 0.22686275839805603 298 219 307 238
person 0.2346706986427307 231 205 238 221
person 0.2473200559616089 202 205 208 217
person 0.2797081470489502 259 209 267 226
person 0.30053895711898804 154 203 161 214
person 0.3071514666080475 279 209 288 231
person 0.3318275809288025 214 206 219 217
person 0.3965587615966797 306 218 316 238
person 0.41214698553085327 223 205 228 220
person 0.4336792826652527 193 203 199 218
person 0.682197630405426 341 210 364 271
