person 0.24600189924240112 381 361 395 380
person 0.24732351303100586 154 346 173 389
person 0.2476203441619873 362 361 382 397
person 0.24985948204994202 281 346 294 368
person 0.2551586925983429 405 369 415 387
person 0.3001643717288971 158 345 171 371
person 0.30988872051239014 630 370 636 387
person 0.3313212990760803 343 380 356 401
person 0.3683984875679016 405 357 417 381
person 0.37457263469696045 365 360 380 381
person 0.3875485360622406 504 359 516 381
person 0.39818713068962097 502 353 524 386
person 0.40686702728271484 278 346 297 386
person 0.45047590136528015 341 373 354 393
person 0.45345786213874817 608 365 616 380
person 0.5270081758499146 129 350 151 391
person 0.5594960451126099 616 365 622 380
person 0.640393853187561 615 370 622 388
person 0.717339277267456 516 355 528 381
person 0.8558836579322815 255 346 275 385
