person 0.173736572265625 204 205 232 232
person 0.17855437099933624 119 201 179 234
person 0.17863401770591736 94 198 155 235
person 0.20356589555740356 108 196 121 215
person 0.23268276453018188 455 217 479 237
person 0.2396453320980072 360 223 380 237
person 0.24708905816078186 287 205 309 236
person 0.30641111731529236 318 203 376 237
person 0.44103559851646423 503 202 543 230
person 0.45216208696365356 319 205 346 236
person 0.45470377802848816 297 201 351 239
person 0.5913754105567932 336 201 364 236
person 0.6502630710601807 265 203 292 234
person 0.6858180165290833 227 206 256 233
