person 0.15399420261383057 406 79 411 87
person 0.23555409908294678 50 107 458 322
person 0.2577328085899353 106 278 179 371
person 0.5678435564041138 111 141 140 207
person 0.5962316989898682 332 297 369 363
person 0.6526827812194824 268 284 333 371
person 0.6769025921821594 56 110 75 144
person 0.6894868612289429 20 276 117 347
person 0.8136349320411682 355 107 371 145
person 0.8197171092033386 365 297 438 368
person 0.8683799505233765 407 111 430 156
person 0.8730823993682861 76 142 106 224
person 0.9621174335479736 450 292 498 372
