person 0.1565060317516327 164 194 175 214
person 0.15978014469146729 161 206 172 227
person 0.16070178151130676 602 196 618 258
person 0.20671716332435608 158 198 178 233
person 0.22798672318458557 612 199 632 259
person 0.23509949445724487 48 196 66 255
person 0.2616357207298279 78 190 101 246
person 0.28773096203804016 584 184 609 270
person 0.4662625193595886 69 194 94 254
person 0.4952554702758789 116 200 142 239
person 0.6788256168365479 519 193 546 270
person 0.7737277150154114 29 187 54 262
