person 0.19296911358833313 278 453 303 491
person 0.3045329451560974 327 443 346 498
person 0.31400594115257263 254 432 266 463
person 0.36022472381591797 33 280 124 527
person 0.3691544234752655 305 435 328 485
person 0.38512417674064636 263 451 286 490
person 0.40844351053237915 46 170 98 259
person 0.47542262077331543 246 435 263 486
person 0.484922856092453 234 440 251 485
person 0.496823251247406 192 421 209 474
person 0.570719838142395 218 440 237 484
person 0.5998779535293579 223 216 343 302
person 0.6879479885101318 253 432 271 487
person 0.7469143271446228 206 432 225 486
