person 0.19486182928085327 532 145 562 196
person 0.20484605431556702 582 230 614 246
person 0.21428847312927246 368 97 400 144
person 0.21861615777015686 190 274 217 291
person 0.2239702343940735 41 256 87 286
person 0.24667182564735413 566 150 598 204
person 0.2507544755935669 180 275 233 304
person 0.3020296096801758 557 48 584 86
person 0.31143510341644287 397 84 423 133
person 0.3330595791339874 16 252 50 303
person 0.35219037532806396 71 232 108 281
person 0.3688559830188751 0 243 63 412
person 0.415473997592926 428 222 449 241
person 0.4194101393222809 375 213 425 240
person 0.4241275191307068 472 223 522 242
person 0.5738104581832886 611 214 640 245
person 0.7553678750991821 66 0 573 330
person 0.8271799087524414 148 274 204 307
person 0.8500970602035522 226 170 398 424
person 0.9749324321746826 551 256 593 377
