person 0.15923631191253662 409 157 443 290
person 0.1706092655658722 293 176 308 192
person 0.18175280094146729 254 173 269 196
person 0.205253005027771 163 179 199 327
person 0.22339245676994324 582 143 615 255
person 0.22546127438545227 141 165 168 204
person 0.25425398349761963 510 162 534 203
person 0.25775086879730225 433 151 465 250
person 0.2809901237487793 283 172 298 192
person 0.2942088842391968 483 141 513 218
person 0.3900614380836487 391 150 460 315
person 0.4081682860851288 306 176 319 192
person 0.42401060461997986 531 155 564 214
person 0.5602144002914429 435 150 458 198
person 0.6002280712127686 0 152 113 480
person 0.9533447623252869 329 160 402 377
person 0.9837772846221924 102 185 205 409
person 0.9974200129508972 178 170 248 371
