person 0.34476590156555176 347 328 352 340
person 0.37985631823539734 40 301 45 315
person 0.3871510922908783 324 328 328 339
person 0.4119871258735657 114 312 119 327
person 0.4180023670196533 127 310 132 327
person 0.42362284660339355 151 325 156 338
person 0.43696874380111694 65 301 70 317
person 0.4437299966812134 55 345 61 369
person 0.44675159454345703 27 300 32 315
person 0.4635361135005951 52 301 58 315
person 0.4861864745616913 0 284 640 386
person 0.49214911460876465 5 365 14 400
person 0.49329522252082825 175 327 180 339
person 0.5040833353996277 39 349 45 368
person 0.5072017908096313 76 347 81 366
person 0.5108434557914734 249 337 254 348
person 0.5733839273452759 212 323 217 338
person 0.6194012761116028 210 375 220 403
person 0.6410056948661804 235 339 241 351
person 0.6861606240272522 25 370 40 408
