person 0.20116931200027466 397 199 467 363
person 0.20568400621414185 428 200 468 313
person 0.2315467894077301 243 170 281 242
person 0.24545863270759583 131 166 185 188
person 0.27759891748428345 85 218 125 326
person 0.45615315437316895 368 184 401 275
person 0.47737395763397217 255 178 318 386
person 0.4980355203151703 185 175 225 245
person 0.6580919027328491 261 172 308 291
person 0.8584700226783752 204 218 310 396
person 0.9306997060775757 97 172 255 480
person 0.9577456116676331 301 173 395 435
person 0.9752702713012695 373 201 448 408
