person 0.15485358238220215 602 345 616 371
person 0.1596796214580536 115 339 123 360
person 0.16652995347976685 161 330 169 342
person 0.17834803462028503 518 344 528 371
person 0.1907626986503601 577 345 592 371
person 0.1951497495174408 564 338 585 385
person 0.19728311896324158 322 337 330 356
person 0.21797597408294678 455 326 463 338
person 0.2491554319858551 603 342 615 357
person 0.25612714886665344 0 338 6 354
person 0.25719016790390015 586 340 603 385
person 0.27023234963417053 444 327 452 339
person 0.2712228298187256 122 338 131 359
person 0.2770290970802307 567 340 580 358
person 0.30840960144996643 303 338 317 376
person 0.31193795800209045 609 341 629 382
person 0.3551538288593292 631 345 638 375
person 0.41332969069480896 600 340 621 384
person 0.4570810794830322 574 340 595 384
person 0.5920282602310181 237 332 262 380
