person 0.16362470388412476 592 200 599 211
person 0.1679682731628418 478 221 488 230
person 0.18110409379005432 245 242 255 258
person 0.19622984528541565 370 289 379 320
person 0.2177252173423767 583 200 589 211
person 0.2228732705116272 209 234 219 250
person 0.240056574344635 266 240 278 260
person 0.28449124097824097 505 400 523 442
person 0.3413220942020416 370 273 380 298
person 0.4711042046546936 238 244 248 255
person 0.7448216676712036 368 274 384 317
person 0.7686265707015991 445 393 468 449
person 0.7718524932861328 259 241 272 258
person 0.8822599649429321 372 321 398 362
