person 0.15258365869522095 39 610 49 632
person 0.17488816380500793 252 605 257 620
person 0.17981356382369995 188 605 193 619
person 0.1834123134613037 202 606 207 619
person 0.18586796522140503 151 603 158 622
person 0.19674071669578552 162 604 169 622
person 0.21736028790473938 110 611 117 632
person 0.2760404944419861 77 609 84 635
person 0.5330227613449097 142 608 150 636
person 0.5413837432861328 200 612 207 630
person 0.5574597716331482 176 607 182 629
person 0.6128952503204346 188 612 195 630
person 0.6674941182136536 162 609 170 632
person 0.6751466989517212 101 610 111 634
person 0.7119455337524414 87 611 96 636
person 0.7681740522384644 150 609 157 634
person 0.7757383584976196 66 609 76 639
person 0.8925967216491699 12 606 23 638
person 0.9326733350753784 52 610 62 636
