person 0.163499653339386 118 49 143 99
person 0.17147547006607056 31 21 60 75
person 0.19344329833984375 460 163 493 239
person 0.21006470918655396 201 55 227 88
person 0.240321546792984 140 55 164 89
person 0.3057861924171448 475 153 505 239
person 0.31175339221954346 63 184 119 223
person 0.35589516162872314 289 165 328 237
person 0.3801974654197693 163 177 205 241
person 0.5228492021560669 47 55 585 258
person 0.6048606038093567 485 158 516 235
person 0.6494340300559998 528 154 560 236
person 0.7338732481002808 442 175 480 238
person 0.7849502563476562 401 127 441 229
person 0.8926883935928345 0 173 120 324
person 0.901328444480896 604 126 637 229
person 0.902381420135498 171 108 340 304
person 0.9504344463348389 362 120 402 241
person 0.9605275988578796 114 147 160 242
person 0.9745917320251465 555 119 602 239
