person 0.1571480929851532 65 186 70 199
person 0.16648748517036438 344 362 354 389
person 0.2148815393447876 470 215 476 221
person 0.22015100717544556 457 214 462 222
person 0.33515307307243347 349 342 361 370
person 0.4838305115699768 484 244 492 252
person 0.831332266330719 172 355 193 387
person 0.8327075242996216 577 302 587 324
person 0.8626000285148621 408 231 414 249
person 0.8778263330459595 12 335 26 353
person 0.9102667570114136 344 344 360 386
person 0.9339326620101929 610 306 624 332
person 0.9389987587928772 241 376 259 405
person 0.9628157019615173 402 352 418 388
