person 0.17331162095069885 299 139 304 149
person 0.18864527344703674 135 164 141 174
person 0.21667566895484924 121 150 127 171
person 0.23746898770332336 380 143 386 151
person 0.36834627389907837 374 143 379 149
person 0.4124497175216675 359 145 364 153
person 0.4275389313697815 331 143 336 154
person 0.6228296160697937 356 149 364 163
person 0.741888701915741 327 140 333 151
person 0.7490538954734802 341 165 350 185
person 0.7967422604560852 309 160 316 177
person 0.9673643708229065 115 148 125 173
