person 0.17356419563293457 179 260 187 275
person 0.2989078760147095 602 266 607 273
person 0.3177102208137512 526 318 543 337
person 0.3522905111312866 197 269 211 293
person 0.37780386209487915 208 271 220 293
person 0.4579479992389679 432 252 437 260
person 0.4639016389846802 603 317 617 337
person 0.4965434968471527 613 315 625 337
person 0.5299973487854004 148 270 159 292
person 0.5364454388618469 594 265 600 274
person 0.5466970205307007 249 277 274 348
person 0.5748714804649353 216 272 231 294
person 0.6023238301277161 585 267 590 275
person 0.6632964015007019 183 256 193 275
person 0.9703516364097595 278 262 334 393
