person 0.2679505944252014 260 326 293 336
person 0.27229878306388855 518 119 525 141
person 0.2793124318122864 541 117 549 131
person 0.28838950395584106 616 160 621 174
person 0.3323654532432556 556 117 564 132
person 0.34075814485549927 571 116 579 133
person 0.3663807511329651 516 116 523 130
person 0.39644166827201843 493 114 499 126
person 0.40772292017936707 458 115 464 131
person 0.4366191029548645 110 206 121 213
person 0.45862632989883423 144 162 149 171
person 0.5241801142692566 156 223 165 234
person 0.5995078086853027 152 223 162 234
person 0.6151278614997864 146 215 155 226
person 0.6361613869667053 122 177 133 186
person 0.6609667539596558 243 323 315 338
person 0.8269075155258179 232 178 240 185
person 0.8391027450561523 282 182 289 187
person 0.9477593302726746 283 261 294 274
person 0.9489019513130188 200 250 209 260
