person 0.1657363474369049 408 194 419 223
person 0.17633768916130066 383 196 394 225
person 0.1900956928730011 410 189 432 226
person 0.19440627098083496 356 194 376 249
person 0.3346106708049774 228 197 251 251
person 0.37918782234191895 395 197 406 224
person 0.4110451936721802 170 202 195 266
person 0.48470357060432434 425 188 450 226
person 0.4974108338356018 625 189 639 254
person 0.6710548400878906 452 189 478 226
person 0.6733417510986328 330 192 350 253
person 0.7123583555221558 523 189 544 237
person 0.8126598596572876 543 190 573 236
