person 0.19208523631095886 491 211 506 229
person 0.21187549829483032 33 210 49 250
person 0.21333596110343933 526 200 540 217
person 0.2187563180923462 522 206 545 256
person 0.23954370617866516 516 207 530 227
person 0.2405484914779663 1 208 6 228
person 0.2440539002418518 461 228 480 283
person 0.2641477584838867 500 211 515 228
person 0.28269293904304504 492 212 524 287
person 0.28930187225341797 479 211 492 228
person 0.3059801459312439 470 208 481 230
person 0.43612730503082275 597 211 614 273
person 0.4422517418861389 20 208 42 249
person 0.5373246073722839 516 201 530 219
person 0.6233747005462646 560 218 581 263
person 0.6957589387893677 505 213 535 282
person 0.755506157875061 581 206 609 277
person 0.90724778175354 473 224 499 284
