person 0.1760844588279724 120 200 128 225
person 0.1791410744190216 133 197 140 227
person 0.18211007118225098 289 196 314 308
person 0.24245816469192505 164 200 176 236
person 0.24535632133483887 198 199 219 250
person 0.41960370540618896 106 203 114 225
person 0.4317423701286316 0 197 10 279
person 0.6247408390045166 6 187 29 276
person 0.6562649607658386 285 194 302 281
person 0.7273834347724915 314 190 339 281
person 0.8209948539733887 344 191 376 282
person 0.8458817005157471 216 200 238 253
