person 0.1826046109199524 33 178 46 198
person 0.21722561120986938 40 168 49 190
person 0.22835955023765564 201 189 220 244
person 0.23582503199577332 188 185 199 214
person 0.3242337107658386 40 180 51 198
person 0.41948235034942627 10 184 24 217
person 0.4318263530731201 188 199 209 254
person 0.497208833694458 239 200 257 258
person 0.5275489091873169 173 190 193 241
person 0.5979723930358887 35 168 47 192
person 0.6704279780387878 251 195 273 263
person 0.7098858952522278 208 189 229 261
person 0.9134217500686646 311 200 337 276
person 0.9465963840484619 154 191 174 241
person 0.9589812755584717 287 203 310 271
