person 0.16337433457374573 164 57 197 155
person 0.1642153263092041 416 94 446 158
person 0.1682581901550293 12 52 49 162
person 0.17090246081352234 0 58 15 111
person 0.1733981966972351 338 78 369 166
person 0.1745808720588684 144 50 174 168
person 0.19356012344360352 14 62 46 104
person 0.19407230615615845 227 63 279 108
person 0.19862553477287292 489 68 523 153
person 0.2010718286037445 52 23 608 174
person 0.2068638801574707 27 44 56 99
person 0.21403324604034424 585 76 616 168
person 0.22876477241516113 190 46 227 118
person 0.24102053046226501 81 69 122 180
person 0.312056303024292 123 12 153 96
person 0.4224093556404114 51 72 83 178
person 0.6460850834846497 68 67 105 179
