person 0.1531965732574463 324 173 335 188
person 0.19333869218826294 226 233 233 246
person 0.22023794054985046 185 219 192 230
person 0.25335758924484253 260 216 269 232
person 0.29910242557525635 233 233 241 247
person 0.3699526786804199 186 222 193 235
person 0.3710040748119354 225 226 232 241
person 0.3725212514400482 333 174 341 185
person 0.38492679595947266 200 226 207 237
person 0.40612930059432983 252 226 258 240
person 0.5042956471443176 233 227 240 241
person 0.6295420527458191 260 222 267 237
person 0.6985436081886292 211 224 219 239
