person 0.23735874891281128 336 123 342 150
person 0.3478624224662781 404 122 427 186
person 0.3661707043647766 4 62 500 242
person 0.4173242449760437 420 153 436 196
person 0.43115943670272827 393 168 411 215
person 0.462024986743927 214 115 230 141
person 0.4630619287490845 449 219 479 305
person 0.49361279606819153 176 103 184 126
person 0.5230740308761597 180 103 188 124
person 0.5615304708480835 273 144 289 185
person 0.5655496716499329 156 103 163 124
person 0.5700077414512634 165 104 172 124
person 0.6016526222229004 297 154 312 199
person 0.6022500991821289 351 155 374 218
person 0.6288074254989624 286 128 304 167
person 0.6363495588302612 233 120 251 148
person 0.6555608510971069 465 172 489 233
person 0.7640804648399353 123 112 133 135
person 0.8470230102539062 136 105 146 132
person 0.9031637907028198 431 169 451 221
