person 0.18396613001823425 0 202 49 244
person 0.20198628306388855 304 189 375 233
person 0.20572015643119812 134 60 185 128
person 0.2110726535320282 97 129 168 183
person 0.21889495849609375 305 133 357 222
person 0.2483828365802765 191 4 242 82
person 0.3070707321166992 256 64 307 146
person 0.3344968259334564 305 51 350 124
person 0.39309239387512207 233 194 313 237
person 0.4347105920314789 230 9 314 74
person 0.4894348978996277 60 129 111 198
person 0.5608742833137512 84 42 136 166
person 0.5681161880493164 245 123 300 196
person 0.7085195779800415 3 13 427 235
person 0.726628839969635 2 126 45 207
person 0.9954652786254883 46 69 252 640
