person 0.15085572004318237 361 65 405 148
person 0.15867343544960022 158 51 171 76
person 0.16246020793914795 606 66 631 102
person 0.18217092752456665 381 64 423 145
person 0.18307149410247803 396 53 420 91
person 0.1994970738887787 288 69 315 120
person 0.2098160684108734 214 67 257 174
person 0.27646270394325256 260 77 297 170
person 0.30234283208847046 415 68 458 150
person 0.30339765548706055 70 45 567 159
person 0.3476007580757141 190 74 228 168
person 0.44202080368995667 229 67 270 142
person 0.5625868439674377 98 54 119 94
person 0.6035720109939575 468 65 533 107
person 0.6362180709838867 168 78 204 167
person 0.7802395820617676 71 54 94 107
person 0.8354333639144897 114 68 170 102
person 0.8734313249588013 285 80 334 172
