person 0.1569969356060028 540 87 555 105
person 0.15724486112594604 492 87 506 110
person 0.15979483723640442 465 87 480 110
person 0.16372713446617126 297 23 307 39
person 0.1738700568675995 41 7 67 36
person 0.20001575350761414 625 123 638 149
person 0.2053525447845459 1 10 14 34
person 0.21284791827201843 590 124 603 145
person 0.2164563238620758 453 119 477 155
person 0.2358396351337433 564 87 582 111
person 0.24338191747665405 47 12 63 33
person 0.2775622606277466 403 68 416 101
person 0.30245062708854675 574 123 591 146
person 0.3597604036331177 0 1 640 219
person 0.4821870028972626 419 71 435 97
person 0.5010736584663391 451 75 467 97
person 0.6343218684196472 88 114 120 172
person 0.7964621186256409 180 87 200 133
person 0.8557648658752441 9 235 54 312
person 0.9921661019325256 487 206 539 323
