person 0.23627585172653198 427 162 449 206
person 0.247991144657135 83 144 104 190
person 0.25616729259490967 411 214 449 291
person 0.2753729522228241 159 172 173 196
person 0.27616095542907715 47 132 593 312
person 0.3135799169540405 27 207 99 297
person 0.3357575237751007 207 155 294 290
person 0.3738830089569092 4 165 51 240
person 0.42796844244003296 56 136 79 186
person 0.43634605407714844 515 182 548 266
person 0.6512750387191772 231 176 281 271
person 0.8032150268554688 66 239 212 423
person 0.8601229190826416 441 171 478 287
person 0.8655543923377991 480 183 516 272
person 0.8846144676208496 334 163 369 279
person 0.8885242938995361 174 207 294 396
person 0.9317197799682617 580 147 630 262
person 0.9398390054702759 379 139 423 276
person 0.9503991603851318 19 188 105 353
person 0.9692267775535583 284 135 335 319
