person 0.5148648023605347 98 39 107 60
person 0.5537599325180054 631 46 638 65
person 0.6275866031646729 123 46 133 65
person 0.7024989128112793 370 79 383 92
person 0.715567946434021 552 80 576 108
person 0.7329081892967224 461 86 478 120
person 0.7447777390480042 503 131 534 178
person 0.7785513997077942 440 91 451 116
person 0.795386791229248 108 34 117 64
person 0.8090178370475769 496 61 509 84
person 0.8277209997177124 250 50 263 72
person 0.8278847336769104 453 56 463 77
person 0.8794758319854736 628 112 638 146
person 0.923792839050293 87 34 97 55
person 0.9244380593299866 283 63 296 96
person 0.9291757941246033 234 123 261 173
person 0.9521819353103638 262 101 291 135
person 0.9783316850662231 295 163 338 252
person 0.9784444570541382 507 159 544 248
person 0.9920676946640015 109 129 158 237
