person 0.19659161567687988 190 138 216 179
person 0.20578229427337646 164 147 194 186
person 0.2103782296180725 386 147 409 186
person 0.2240956723690033 574 151 599 187
person 0.22438320517539978 0 162 21 195
person 0.24119770526885986 50 112 564 208
person 0.24425950646400452 150 146 210 178
person 0.2500322461128235 180 172 201 188
person 0.3017970323562622 142 167 167 190
person 0.30255138874053955 413 172 431 189
person 0.3745911121368408 472 147 498 189
person 0.3858093023300171 495 147 521 187
person 0.40636304020881653 364 139 386 184
person 0.4124245047569275 70 167 90 191
person 0.44609546661376953 452 147 477 189
person 0.5702066421508789 377 171 402 190
person 0.611537516117096 31 166 76 190
person 0.6392338871955872 521 150 548 184
person 0.6517855525016785 338 142 366 180
person 0.6633076071739197 314 139 339 177
