person 0.15066447854042053 580 267 586 276
person 0.15250462293624878 519 273 524 282
person 0.16290292143821716 372 270 378 282
person 0.2295585572719574 510 270 513 277
person 0.2974628806114197 431 269 436 277
person 0.3007810711860657 468 268 474 276
person 0.31043046712875366 504 271 509 285
person 0.3115900158882141 579 273 586 284
person 0.32933753728866577 544 272 549 282
person 0.38576072454452515 394 268 398 276
person 0.4186092019081116 458 267 463 275
person 0.50175541639328 497 271 504 287
person 0.5173810720443726 413 267 418 276
person 0.6109504103660583 420 267 427 276
person 0.8219510316848755 373 266 379 277
person 0.8275273442268372 384 267 388 276
