person 0.1799650490283966 599 298 623 364
person 0.19995805621147156 610 295 635 362
person 0.23555591702461243 174 213 180 229
person 0.2440701723098755 432 290 444 321
person 0.28464508056640625 588 289 615 373
person 0.29670220613479614 516 286 530 304
person 0.31426799297332764 499 298 522 368
person 0.3664628267288208 1 275 31 420
person 0.37008702754974365 474 289 498 323
person 0.3810396194458008 163 213 168 229
person 0.4013637900352478 401 291 418 344
person 0.641585111618042 623 292 639 365
person 0.6582245230674744 416 293 432 348
person 0.6808336973190308 377 292 401 345
person 0.7453464269638062 368 291 386 339
person 0.7689385414123535 331 296 343 335
person 0.8275760412216187 385 293 410 350
person 0.9152804017066956 512 291 557 417
person 0.9307489991188049 568 289 600 396
person 0.9682523608207703 428 294 512 456
