person 0.16361317038536072 267 87 285 137
person 0.18498143553733826 435 97 460 149
person 0.23905429244041443 0 52 640 228
person 0.25121021270751953 563 64 604 158
person 0.2897155284881592 410 83 447 147
person 0.2920182943344116 605 70 637 155
person 0.3000795245170593 363 14 409 124
person 0.3639915883541107 510 42 559 160
person 0.3872547149658203 348 77 381 147
person 0.41369518637657166 236 84 270 139
person 0.43059825897216797 274 81 310 141
person 0.44822782278060913 322 84 350 143
person 0.5420950055122375 71 67 105 173
person 0.6633892059326172 32 85 81 207
person 0.7690063714981079 574 53 626 153
person 0.8324301838874817 463 42 511 151
person 0.9961630702018738 18 28 318 307
