person 0.1576971411705017 356 176 372 205
person 0.16599729657173157 391 168 407 190
person 0.1789644956588745 377 158 470 213
person 0.18609163165092468 343 182 361 202
person 0.19168302416801453 239 170 265 198
person 0.19173932075500488 246 172 261 195
person 0.25934070348739624 237 163 250 193
person 0.34129029512405396 359 176 383 209
person 0.3727337121963501 384 166 412 214
person 0.4444100260734558 253 172 270 194
person 0.45643097162246704 384 156 432 227
person 0.46964719891548157 248 172 274 211
person 0.4767947494983673 445 178 471 225
person 0.9453974366188049 268 159 354 211
person 0.992841899394989 0 19 344 409
person 0.9933632612228394 351 60 640 389
