person 0.22435468435287476 519 288 523 301
person 0.24457213282585144 435 299 440 320
person 0.26761236786842346 596 290 600 304
person 0.2692157030105591 446 300 450 317
person 0.31072330474853516 78 319 86 346
person 0.3330722451210022 604 292 609 302
person 0.3507876396179199 507 290 512 305
person 0.3601951003074646 399 309 404 330
person 0.3688271641731262 320 312 326 331
person 0.3870319724082947 83 317 94 347
person 0.41513508558273315 554 290 558 301
person 0.5300074815750122 420 309 428 330
person 0.5983508229255676 456 307 461 324
person 0.6320825815200806 361 306 366 325
person 0.6726394891738892 410 310 415 330
person 0.793010950088501 433 307 441 332
person 0.798272967338562 307 307 316 335
person 0.8041336536407471 284 308 293 333
person 0.8248536586761475 504 298 510 315
person 0.8518004417419434 616 312 623 330
