person 0.15389466285705566 551 171 562 196
person 0.15706369280815125 44 167 62 245
person 0.17272785305976868 356 166 377 234
person 0.43341922760009766 556 175 584 241
person 0.46024289727211 379 165 400 236
person 0.46658647060394287 0 213 11 285
person 0.46697431802749634 461 169 481 257
person 0.5635550022125244 31 166 59 251
person 0.5730089545249939 468 193 587 426
person 0.598406195640564 414 173 434 244
person 0.6128374934196472 426 166 446 250
person 0.8084337711334229 181 170 201 228
person 0.8223064541816711 336 165 365 262
person 0.9612628221511841 153 170 173 232
person 0.9726467132568359 208 168 244 274
