person 0.16373717784881592 554 338 565 370
person 0.19822952151298523 518 333 531 358
person 0.2199762761592865 592 331 605 356
person 0.32588624954223633 512 336 533 399
person 0.39931410551071167 566 335 596 448
person 0.4063068628311157 471 329 499 403
person 0.4745739698410034 532 327 544 358
person 0.5430574417114258 502 328 518 390
person 0.8359706401824951 488 330 511 399
person 0.8517076969146729 463 334 487 398
person 0.9083885550498962 586 336 632 476
person 0.963213324546814 518 334 571 480
