person 0.1608145833015442 382 126 394 141
person 0.18565356731414795 155 137 175 183
person 0.2871471643447876 307 142 324 202
person 0.39627084136009216 476 135 495 189
person 0.4235266447067261 292 145 316 202
person 0.46002086997032166 495 255 609 371
person 0.6982260346412659 67 109 96 212
person 0.7285549640655518 492 169 574 311
person 0.8341468572616577 270 252 381 422
person 0.9075025320053101 181 187 280 314
person 0.9197845458984375 245 125 278 210
person 0.9410977959632874 51 113 83 215
