person 0.1590600609779358 322 151 328 167
person 0.16421321034431458 297 150 305 164
person 0.16779643297195435 248 164 257 174
person 0.2618343234062195 303 239 320 299
person 0.29341959953308105 309 160 319 181
person 0.32275664806365967 357 143 362 156
person 0.3500834107398987 303 185 315 206
person 0.3900507092475891 425 144 432 167
person 0.5474271774291992 301 182 320 235
person 0.6520872712135315 382 164 388 177
person 0.659361720085144 297 199 327 300
person 0.6655840277671814 356 147 361 163
person 0.7053296566009521 348 148 353 162
person 0.751179575920105 429 145 437 165
person 0.7786287665367126 320 160 328 180
person 0.8356912136077881 420 200 454 268
person 0.8641794919967651 343 194 373 241
