person 0.15776482224464417 432 184 441 196
person 0.16534313559532166 383 119 389 135
person 0.16604015231132507 21 221 35 251
person 0.17507332563400269 433 198 441 214
person 0.18051153421401978 344 203 354 214
person 0.18422532081604004 370 127 377 142
person 0.20358902215957642 62 240 81 299
person 0.24523308873176575 21 246 39 298
person 0.2523806691169739 130 218 143 277
person 0.2729697525501251 204 224 218 263
person 0.27944692969322205 544 204 555 222
person 0.380365788936615 384 124 391 143
person 0.48393043875694275 528 130 537 147
person 0.8155475854873657 79 246 102 320
person 0.8977798223495483 432 187 443 207
