person 0.2429083287715912 51 96 117 208
person 0.27931904792785645 19 147 103 274
person 0.31519460678100586 0 105 52 244
person 0.32241323590278625 7 99 45 177
person 0.4241255819797516 16 154 180 333
person 0.4886748790740967 324 135 416 333
person 0.5175950527191162 72 5 89 47
person 0.5348020195960999 57 8 71 43
person 0.6031869649887085 195 147 257 257
person 0.6122161149978638 382 128 449 192
person 0.6265753507614136 62 97 103 177
person 0.6665117144584656 0 4 12 49
person 0.6709856986999512 322 70 358 166
person 0.7053238749504089 257 118 337 265
person 0.7204278707504272 148 149 209 325
person 0.7959765791893005 375 184 477 331
person 0.8518505096435547 215 200 311 309
person 0.917907178401947 105 161 192 333
person 0.9415631294250488 29 200 142 307
person 0.9903399348258972 450 109 500 320
