person 0.1605832874774933 400 175 424 223
person 0.1648639738559723 431 179 464 273
person 0.17621377110481262 73 202 105 312
person 0.1844426691532135 115 216 125 253
person 0.22201400995254517 51 200 80 244
person 0.2342323362827301 80 207 101 257
person 0.24207550287246704 145 211 156 233
person 0.2924206256866455 427 179 453 240
person 0.39205440878868103 0 223 27 339
person 0.41379567980766296 134 217 143 250
person 0.5005364418029785 123 219 132 251
person 0.6143928170204163 410 173 435 240
person 0.6675213575363159 42 197 77 342
person 0.739380955696106 490 172 531 286
person 0.7892988920211792 388 175 411 219
person 0.9184858798980713 2 190 74 332
person 0.9401438236236572 461 172 498 293
person 0.9439014196395874 142 209 213 353
person 0.9830085039138794 87 208 120 312
